13.300000000000001                               -75.438787442964838
13.301144492131616                               -75.341753595949839
13.302288984263233                               -75.243631137274051
13.303433476394849                               -75.144410741036239
13.304577968526466                               -75.044082939204742
13.305722460658084                               -74.942638116803252
13.306866952789699                               -74.840066506920863
13.308011444921316                               -74.736358185535423
13.309155937052934                               -74.631503066115812
13.310300429184549                               -74.525490893995197
13.311444921316166                               -74.418311240554374
13.312589413447782                               -74.309953497132611
13.313733905579399                               -74.200406868753262
13.314878397711016                               -74.089660367520850
13.316022889842632                               -73.977702805814545
13.317167381974249                               -73.864522789186097
13.318311874105866                               -73.750108708951558
13.319456366237482                               -73.634448734520106
13.320600858369099                               -73.517530805381440
13.321745350500715                               -73.399342622764067
13.322889842632332                               -73.279871640965666
13.324034334763949                               -73.159105058330525
13.325178826895565                               -73.037029807809603
13.326323319027182                               -72.913632547184108
13.327467811158797                               -72.788899648837969
13.328612303290415                               -72.662817189115913
13.329756795422032                               -72.535370937206991
13.330901287553647                               -72.406546343599970
13.332045779685265                               -72.276328527985555
13.333190271816882                               -72.144702266671757
13.334334763948497                               -72.011651979434646
13.335479256080115                               -71.877161715783743
13.336623748211730                               -71.741215140656763
13.337768240343348                               -71.603795519429710
13.338912732474965                               -71.464885702261270
13.340057224606580                               -71.324468107759813
13.341201716738198                               -71.182524705862065
13.342346208869813                               -71.039036999953922
13.343490701001430                               -70.893986008130227
13.344635193133048                               -70.747352243598044
13.345779685264663                               -70.599115694137055
13.346924177396280                               -70.449255800583700
13.348068669527898                               -70.297751434266772
13.349213161659513                               -70.144580873356801
13.350357653791130                               -69.989721778024531
13.351502145922746                               -69.833151164396170
13.352646638054363                               -69.674845377168893
13.353791130185980                               -69.514780060840636
13.354935622317596                               -69.352930129477969
13.356080114449213                               -69.189269734881876
13.357224606580830                               -69.023772233110478
13.358369098712446                               -68.856410149200215
13.359513590844063                               -68.687155140014951
13.360658082975679                               -68.515977955029385
13.361802575107296                               -68.342848395016929
13.362947067238913                               -68.167735268376333
13.364091559370529                               -67.990606345028993
13.365236051502146                               -67.811428307686427
13.366380543633761                               -67.630166700278494
13.367525035765379                               -67.446785873386744
13.368669527896996                               -67.261248926412918
13.369814020028612                               -67.073517646314556
13.370958512160229                               -66.883552442572395
13.372103004291846                               -66.691312278160083
13.373247496423462                               -66.496754596210707
13.374391988555079                               -66.299835242009920
13.375536480686694                               -66.100508380000008
13.376680972818312                               -65.898726405345400
13.377825464949929                               -65.694439849675859
13.378969957081544                               -65.487597280489794
13.380114449213162                               -65.278145193717208
13.381258941344779                               -65.066027898850763
13.382403433476394                               -64.851187396018702
13.383547925608012                               -64.633563244316790
13.384692417739627                               -64.413092420585812
13.385836909871244                               -64.189709167836838
13.386981402002862                               -63.963344832352405
13.388125894134477                               -63.733927688407299
13.389270386266094                               -63.501382749497147
13.390414878397710                               -63.265631564731095
13.391559370529327                               -63.026591999005284
13.392703862660944                               -62.784177995311524
13.393848354792560                               -62.538299317444185
13.394992846924177                               -62.288861271053264
13.396137339055795                               -62.035764400821655
13.397281831187410                               -61.778904161271420
13.398426323319027                               -61.518170558296077
13.399570815450643                               -61.253447758275186
13.400715307582260                               -60.984613661109975
13.401859799713877                               -60.711539433069170
13.403004291845493                               -60.434088994806210
13.404148783977110                               -60.152118459199109
13.405293276108727                               -59.865475512952244
13.406437768240343                               -59.573998735028866
13.407582260371960                               -59.277516843904564
13.408726752503576                               -58.975847864502448
13.409871244635193                               -58.668798204170258
13.411015736766810                               -58.356161625484184
13.412160228898426                               -58.037718101549849
13.413304721030043                               -57.713232537287197
13.414449213161658                               -57.382453337187442
13.415593705293276                               -57.045110796789764
13.416738197424893                               -56.700915291011825
13.417882689556508                               -56.349555227547405
13.419027181688126                               -55.990694727606503
13.420171673819743                               -55.623970988951569
13.421316165951358                               -55.248991277299417
13.422460658082976                               -54.865329481075129
13.423605150214591                               -54.472522150865814
13.424749642346208                               -54.070063927814587
13.425894134477826                               -53.657402243801222
13.427038626609441                               -53.233931149077556
13.428183118741059                               -52.798984088519923
13.429327610872676                               -52.351825403366391
13.430472103004291                               -51.891640277906959
13.431616595135909                               -51.417522775912410
13.432761087267524                               -50.928461512995582
13.433905579399141                               -50.423322380227575
13.435050071530759                               -49.900827558350414
13.436194563662374                               -49.359529822764941
13.437339055793991                               -48.797780810499205
13.438483547925607                               -48.213691461590940
13.439628040057224                               -47.605082198564823
13.440772532188841                               -46.969419475432332
13.441917024320457                               -46.303733965105316
13.443061516452074                               -45.604513624385575
13.444206008583691                               -44.867561788724160
13.445350500715307                               -44.087805643887506
13.446494992846924                               -43.259032746871490
13.447639484978540                               -42.373520649833416
13.448783977110157                               -41.421503244152731
13.449928469241774                               -40.390379645147675
13.451072961373390                               -39.263501897758324
13.452217453505007                               -38.018243406905754
13.453361945636624                               -36.622775162308450
13.454506437768240                               -35.030376637557431
13.455650929899857                               -33.168697011946968
13.456795422031472                               -30.917808068503255
13.457939914163090                               -28.061607293835735
13.459084406294707                               -24.183799971005243
13.460228898426323                               -18.850576012084268
13.461373390557940                               -17.825742142122031
13.462517882689555                               -22.822067702682372
13.463662374821173                               -26.518670452913430
13.464806866952790                               -29.097157664654528
13.465951359084405                               -31.018242530767569
13.467095851216023                               -32.521768586903370
13.468240343347640                               -33.738792422968992
13.469384835479255                               -34.747241165999448
13.470529327610873                               -35.596805749659239
13.471673819742488                               -36.320951615424704
13.472818311874105                               -36.943202475853965
13.473962804005723                               -37.480663391251788
13.475107296137338                               -37.946112381578025
13.476251788268955                               -38.349302339277301
13.477396280400573                               -38.697803858628916
13.478540772532188                               -38.997568994139144
13.479685264663805                               -39.253318690586966
13.480829756795421                               -39.468814928589381
13.481974248927038                               -39.647055111073037
13.483118741058655                               -39.790412419805648
13.484263233190271                               -39.900737480387917
13.485407725321888                               -39.979431387581080
13.486552217453504                               -40.027496682630641
13.487696709585121                               -40.045570499864667
13.488841201716738                               -40.033942359178020
13.489985693848354                               -39.992557674869367
13.491130185979971                               -39.921006753348919
13.492274678111588                               -39.818497651933441
13.493419170243204                               -39.683809520225608
13.494563662374821                               -39.515220588092184
13.495708154506437                               -39.310401219539813
13.496852646638054                               -39.066256398534257
13.497997138769671                               -38.778691758495484
13.499141630901287                               -38.442259153660075
13.500286123032904                               -38.049604453520331
13.501430615164521                               -37.590576484066574
13.502575107296137                               -37.050729627901624
13.503719599427754                               -36.408697302601652
13.504864091559369                               -35.631422241791633
13.506008583690987                               -34.665627743739897
13.507153075822604                               -33.427091299197407
13.508297567954219                               -31.846375078030206
13.509442060085837                               -30.698944417992319
13.510586552217452                               -34.259218851939494
13.511731044349069                               -38.008568941993836
13.512875536480687                               -36.050012903953828
13.514020028612302                               -33.253691691956760
13.515164520743919                               -30.307421034404918
13.516309012875537                               -26.704723109169070
13.517453505007152                               -21.320312328392212
13.518597997138770                               -12.483449095255279
13.519742489270385                               -19.917315432080809
13.520886981402002                               -25.775699312282782
13.522031473533620                               -29.386860697108631
13.523175965665235                               -32.001716207483383
13.524320457796852                               -34.066391877030270
13.525464949928468                               -35.784353824746134
13.526609442060085                               -37.264653164267386
13.527753934191702                               -38.572387282948128
13.528898426323318                               -39.749525429575392
13.530042918454935                               -40.824744276052627
13.531187410586552                               -41.818556295817743
13.532331902718168                               -42.746194493715933
13.533476394849785                               -43.619335866249507
13.534620886981401                               -44.447183185236156
13.535765379113018                               -45.237172903127814
13.536909871244635                               -45.995455519809212
13.538054363376251                               -46.727232425593009
13.539198855507868                               -47.436999562421221
13.540343347639485                               -48.128729250854107
13.541487839771101                               -48.806010427884075
13.542632331902718                               -49.472160869679989
13.543776824034333                               -50.130320897176460
13.544921316165951                               -50.783535575426669
13.546065808297568                               -51.434830961218694
13.547210300429184                               -52.087289223587241
13.548354792560801                               -52.744127312947107
13.549499284692416                               -53.408784256099693
13.550643776824034                               -54.085023181922665
13.551788268955651                               -54.777056039194193
13.552932761087266                               -55.489702045667727
13.554077253218884                               -56.228595913665337
13.555221745350501                               -57.000470107470711
13.556366237482116                               -57.813549154240810
13.557510729613734                               -58.678117849673434
13.558655221745349                               -59.607368058099112
13.559799713876966                               -60.618709643689812
13.560944206008584                               -61.735892415774913
13.562088698140199                               -62.992630904537428
13.563233190271816                               -64.439226652854046
13.564377682403434                               -66.155765419853140
13.565522174535049                               -68.281705876351552
13.566666666666666                               -71.094582529059821
13.567811158798282                               -75.286283526486983
13.568955650929899                               -83.685733723457901
13.570100143061516                               -86.510137805337436
13.571244635193132                               -76.131002677917422
13.572389127324749                               -71.423379881747891
13.573533619456365                               -68.322717669028464
13.574678111587982                               -65.985078246061079
13.575822603719599                               -64.090692147966365
13.576967095851215                               -62.483576756306753
13.578111587982832                               -61.075726060235773
13.579256080114449                               -59.812454610718831
13.580400572246065                               -58.657323643680940
13.581545064377682                               -57.584709025883420
13.582689556509298                               -56.575784397407361
13.583834048640915                               -55.616190306393875
13.584978540772532                               -54.694601566446963
13.586123032904148                               -53.801802580525795
13.587267525035765                               -52.930063698443377
13.588412017167382                               -52.072702376036311
13.589556509298998                               -51.223760373480204
13.590701001430615                               -50.377754166264666
13.591845493562230                               -49.529470294153349
13.592989985693848                               -48.673785516549650
13.594134477825465                               -47.805495867673045
13.595278969957080                               -46.919140203936458
13.596423462088698                               -46.008803016621805
13.597567954220313                               -45.067877936734362
13.598712446351930                               -44.088766578346721
13.599856938483548                               -43.062475168943230
13.601001430615163                               -41.978049843119614
13.602145922746780                               -40.821752579026167
13.603290414878398                               -39.575806924569683
13.604434907010013                               -38.216399180368334
13.605579399141631                               -36.710319542548689
13.606723891273246                               -35.008944009313112
13.607868383404863                               -33.036545594317417
13.609012875536481                               -30.665059356118615
13.610157367668096                               -27.651106035723856
13.611301859799713                               -23.442862366774349
13.612446351931331                               -16.452056559814309
13.613590844062946                               -12.479498468274548
13.614735336194563                               -20.393225693882073
13.615879828326179                               -24.604795388461334
13.617024320457796                               -27.199663995129693
13.618168812589413                               -28.952444421471668
13.619313304721029                               -30.155541427308638
13.620457796852646                               -30.923540528825129
13.621602288984262                               -31.272985605693904
13.622746781115879                               -31.145296478612114
13.623891273247496                               -30.548855413972291
13.625035765379112                               -31.122649067930176
13.626180257510729                               -37.106016778092759
13.627324749642346                               -43.661448133163773
13.628469241773962                               -44.957406965292421
13.629613733905579                               -44.182430153255588
13.630758226037194                               -43.528898933227879
13.631902718168812                               -43.124936349735563
13.633047210300429                               -42.882400309675646
13.634191702432044                               -42.734968097248220
13.635336194563662                               -42.642378025935912
13.636480686695279                               -42.580275725257202
13.637625178826895                               -42.533472440978130
13.638769670958512                               -42.492140498143442
13.639914163090127                               -42.449675323896550
13.641058655221745                               -42.401460303842725
13.642203147353362                               -42.344127887459322
13.643347639484977                               -42.275101297090210
13.644492131616595                               -42.192299603475583
13.645636623748210                               -42.093940304956860
13.646781115879827                               -41.978401068544677
13.647925608011445                               -41.844117436620849
13.649070100143060                               -41.689501819677886
13.650214592274677                               -41.512873923120431
13.651359084406295                               -41.312395427682091
13.652503576537910                               -41.086003058828339
13.653648068669527                               -40.831334535922764
13.654792560801143                               -40.545641431260805
13.655937052932760                               -40.225681645234999
13.657081545064377                               -39.867581771680619
13.658226037195993                               -39.466655571296755
13.659370529327610                               -39.017158133611922
13.660515021459227                               -38.511944339349384
13.661659513590843                               -37.941981674145765
13.662804005722460                               -37.295635006520421
13.663948497854076                               -36.557581989517629
13.665092989985693                               -35.707105572200071
13.666237482117310                               -34.715285020052434
13.667381974248926                               -33.540126810070213
13.668526466380543                               -32.117581319636471
13.669670958512159                               -30.343720004572511
13.670815450643776                               -28.036705489961872
13.671959942775393                               -24.856764029481845
13.673104434907009                               -20.330085874947635
13.674248927038626                               -17.747485686110011
13.675393419170243                               -22.533139166051789
13.676537911301859                               -26.867184536004942
13.677682403433476                               -30.001655462023091
13.678826895565093                               -32.413337942697048
13.679971387696709                               -34.371860414712962
13.681115879828328                               -36.024188966618091
13.682260371959941                               -37.456834283953199
13.683404864091560                               -38.724475276239829
13.684549356223176                               -39.863708956902435
13.685693848354793                               -40.900174431862126
13.686838340486409                               -41.852508073490391
13.687982832618026                               -42.734671554453662
13.689127324749641                               -43.557390798280196
13.690271816881260                               -44.329082715006869
13.691416309012874                               -45.056473242175521
13.692560801144493                               -45.745022029355617
13.693705293276107                               -46.399221909905322
13.694849785407726                               -47.022814904172364
13.695994277539342                               -47.618951148704582
13.697138769670959                               -48.190307912903698
13.698283261802574                               -48.739180140703525
13.699427753934193                               -49.267550310540884
13.700572246065807                               -49.777143029907471
13.701716738197426                               -50.269468196986494
13.702861230329040                               -50.745855485365531
13.704005722460659                               -51.207482163410425
13.705150214592276                               -51.655395736389053
13.706294706723892                               -52.090532526011927
13.707439198855509                               -52.513733031909887
13.708583690987126                               -52.925754721691334
13.709728183118742                               -53.327282749617737
13.710872675250359                               -53.718938994045246
13.712017167381974                               -54.101289720730598
13.713161659513592                               -54.474852115524186
13.714306151645209                               -54.840099881109808
13.715450643776824                               -55.197468054456138
13.716595135908442                               -55.547357171806709
13.717739628040059                               -55.890136884661381
13.718884120171674                               -56.226149111491274
13.720028612303292                               -56.555710795089226
13.721173104434907                               -56.879116323418714
13.722317596566525                               -57.196639662233267
13.723462088698142                               -57.508536239736124
13.724606580829757                               -57.815044617215250
13.725751072961375                               -58.116387974261329
13.726895565092990                               -58.412775432778744
13.728040057224607                               -58.704403240418856
13.729184549356225                               -58.991455831045400
13.730329041487840                               -59.274106777299281
13.731473533619457                               -59.552519648209540
13.732618025751075                               -59.826848783064506
13.733762517882690                               -60.097239991182349
13.734907010014307                               -60.363831185977411
13.736051502145923                               -60.626752960622447
13.737195994277540                               -60.886129111691858
13.738340486409157                               -61.142077116315704
13.739484978540773                               -61.394708567790978
13.740629470672390                               -61.644129573873698
13.741773962804007                               -61.890441121610920
13.742918454935623                               -62.133739411987030
13.744062947067240                               -62.374116167407038
13.745207439198856                               -62.611658914582115
13.746351931330473                               -62.846451245204655
13.747496423462090                               -63.078573056448647
13.748640915593706                               -63.308100773167936
13.749785407725323                               -63.535107553460996
13.750929899856938                               -63.759663479059832
13.752074391988556                               -63.981835731899217
13.753218884120173                               -64.201688758046416
13.754363376251789                               -64.419284420078412
13.755507868383406                               -64.634682138874311
13.756652360515023                               -64.847939025695595
13.757796852646639                               -65.059110005368353
13.758941344778256                               -65.268247931244133
13.760085836909871                               -65.475403692643937
13.761230329041489                               -65.680626315311628
13.762374821173106                               -65.883963055503941
13.763519313304721                               -66.085459488098920
13.764663805436339                               -66.285159589264921
13.765808297567956                               -66.483105814035710
13.766952789699571                               -66.679339169203061
13.768097281831189                               -66.873899281833658
13.769241773962804                               -67.066824463750862
13.770386266094421                               -67.258151772256099
13.771530758226039                               -67.447917067342772
13.772675250357654                               -67.636155065668916
13.773819742489271                               -67.822899391493607
13.774964234620887                               -68.008182624756515
13.776108726752504                               -68.192036346577837
13.777253218884121                               -68.374491182215309
13.778397711015737                               -68.555576841790142
13.779542203147354                               -68.735322158799121
13.780686695278971                               -68.913755126631457
13.781831187410587                               -69.090902933209705
13.782975679542204                               -69.266791993816014
13.784120171673820                               -69.441447982291663
13.785264663805437                               -69.614895860652027
13.786409155937054                               -69.787159907243236
13.787553648068670                               -69.958263743508752
13.788698140200287                               -70.128230359473022
13.789842632331904                               -70.297082137987232
13.790987124463520                               -70.464840877818247
13.792131616595137                               -70.631527815683881
13.793276108726753                               -70.797163647219719
13.794420600858370                               -70.961768547023397
13.795565092989987                               -71.125362187746049
13.796709585121603                               -71.287963758354678
13.797854077253220                               -71.449591981559806
13.798998569384835                               -71.610265130487505
13.800143061516453                               -71.770001044599155
13.801287553648070                               -71.928817144944873
13.802432045779685                               -72.086730448767412
13.803576537911303                               -72.243757583438750
13.804721030042920                               -72.399914799890169
13.805865522174535                               -72.555217985389916
13.807010014306153                               -72.709682675872656
13.808154506437768                               -72.863324067730446
13.809298998569385                               -73.016157029123917
13.810443490701003                               -73.168196110849038
13.811587982832618                               -73.319455556770833
13.812732474964236                               -73.469949313857114
13.813876967095853                               -73.619691041798617
13.815021459227468                               -73.768694122283989
13.816165951359086                               -73.916971667904278
13.817310443490701                               -74.064536530730479
13.818454935622318                               -74.211401310560703
13.819599427753936                               -74.357578362878755
13.820743919885551                               -74.503079806493560
13.821888412017168                               -74.647917530922854
13.823032904148784                               -74.792103203522984
13.824177396280401                               -74.935648276319895
13.825321888412018                               -75.078563992632482
13.826466380543634                               -75.220861393478316
13.827610872675251                               -75.362551323714499
13.828755364806868                               -75.503644437999512
13.829899856938484                               -75.644151206558817
13.831044349070101                               -75.784081920729264
13.832188841201717                               -75.923446698320546
13.833333333333334                               -76.062255488862661
13.834477825464951                               -76.200518078580856
13.835622317596567                               -76.338244095291060
13.836766809728184                               -76.475443013115040
13.837911301859799                               -76.612124157033776
13.839055793991417                               -76.748296707315845
13.840200286123034                               -76.883969703815453
13.841344778254649                               -77.019152050107976
13.842489270386267                               -77.153852517530083
13.843633762517884                               -77.288079749110622
13.844778254649500                               -77.421842263340054
13.845922746781117                               -77.555148457874836
13.847067238912732                               -77.688006613114666
13.848211731044350                               -77.820424895686315
13.849356223175967                               -77.952411361819586
13.850500715307582                               -78.083973960667961
13.851645207439200                               -78.215120537457636
13.852789699570817                               -78.345858836654315
13.853934191702432                               -78.476196504971114
13.855078683834050                               -78.606141094335982
13.856223175965665                               -78.735700064762440
13.857367668097282                               -78.864880787174826
13.858512160228900                               -78.993690546111822
13.859656652360515                               -79.122136542447734
13.860801144492132                               -79.250225895958621
13.861945636623748                               -79.377965647893703
13.863090128755365                               -79.505362763442491
13.864234620886982                               -79.632424134209103
13.865379113018598                               -79.759156580520113
13.866523605150215                               -79.885566853835883
13.867668097281832                               -80.011661638971418
13.868812589413448                               -80.137447556327032
13.869957081545065                               -80.262931164108238
13.871101573676681                               -80.388118960435662
13.872246065808298                               -80.513017385472978
13.873390557939915                               -80.637632823448769
13.874535050071531                               -80.761971604747401
13.875679542203148                               -80.886040007819673
13.876824034334765                               -81.009844261181186
13.877968526466381                               -81.133390545333668
13.879113018597998                               -81.256684994652645
13.880257510729614                               -81.379733699232801
13.881402002861231                               -81.502542706732513
13.882546494992848                               -81.625118024196567
13.883690987124464                               -81.747465619802654
13.884835479256081                               -81.869591424664321
13.885979971387696                               -81.991501334525907
13.887124463519314                               -82.113201211508624
13.888268955650931                               -82.234696885793298
13.889413447782546                               -82.355994157313745
13.890557939914164                               -82.477098797373699
13.891702432045781                               -82.598016550370531
13.892846924177396                               -82.718753135356238
13.893991416309014                               -82.839314247680264
13.895135908440629                               -82.959705560617749
13.896280400572246                               -83.079932726944435
13.897424892703864                               -83.200001380514578
13.898569384835479                               -83.319917137848293
13.899713876967096                               -83.439685599724825
13.900858369098714                               -83.559312352711828
13.902002861230329                               -83.678802970744016
13.903147353361947                               -83.798163016693380
13.904291845493562                               -83.917398043874243
13.905436337625179                               -84.036513597666143
13.906580829756797                               -84.155515216988476
13.907725321888412                               -84.274408435927796
13.908869814020029                               -84.393198785219852
13.910014306151645                               -84.511891793868614
13.911158798283262                               -84.630492990679031
13.912303290414879                               -84.749007905807488
13.913447782546495                               -84.867442072376846
13.914592274678112                               -84.985801028028760
13.915736766809729                               -85.104090316520583
13.916881258941345                               -85.222315489308031
13.918025751072962                               -85.340482107189615
13.919170243204578                               -85.458595741923659
13.920314735336195                               -85.576661977832288
13.921459227467812                               -85.694686413488228
13.922603719599428                               -85.812674663395200
13.923748211731045                               -85.930632359626529
13.924892703862662                               -86.048565153562166
13.926037195994278                               -86.166478717637730
13.927181688125895                               -86.284378747050738
13.928326180257510                               -86.402270961538491
13.929470672389128                               -86.520161107219593
13.930615164520745                               -86.638054958353635
13.931759656652360                               -86.755958319262277
13.932904148783978                               -86.873877026145280
13.934048640915593                               -86.991816949026571
13.935193133047211                               -87.109783993710792
13.936337625178828                               -87.227784103733441
13.937482117310443                               -87.345823262426990
13.938626609442061                               -87.463907494911098
13.939771101573678                               -87.582042870253787
13.940915593705293                               -87.700235503564016
13.942060085836911                               -87.818491558216749
13.943204577968526                               -87.936817248069076
13.944349070100143                               -88.055218839707535
13.945493562231761                               -88.173702654842359
13.946638054363376                               -88.292275072677654
13.947782546494993                               -88.410942532306919
13.948927038626611                               -88.529711535277187
13.950071530758226                               -88.648588648126349
13.951216022889843                               -88.767580505044421
13.952360515021459                               -88.886693810495956
13.953505007153076                               -89.005935342077635
13.954649499284693                               -89.125311953338993
13.955793991416309                               -89.244830576652546
13.956938483547926                               -89.364498226303056
13.958082975679542                               -89.484322001491549
13.959227467811159                               -89.604309089561767
13.960371959942776                               -89.724466769279815
13.961516452074392                               -89.844802414162245
13.962660944206009                               -89.965323495961158
13.963805436337626                               -90.086037588261107
13.964949928469242                               -90.206952370140471
13.966094420600859                               -90.328075629948117
13.967238912732475                               -90.449415269293567
13.968383404864092                               -90.570979307081458
13.969527896995709                               -90.692775883601513
13.970672389127325                               -90.814813265008354
13.971816881258942                               -90.937099847654480
13.972961373390559                               -91.059644162767711
13.974105865522175                               -91.182454881225894
13.975250357653792                               -91.305540818528797
13.976394849785407                               -91.428910939857801
13.977539341917025                               -91.552574365408077
13.978683834048642                               -91.676540375903514
13.979828326180257                               -91.800818418315458
13.980972818311875                               -91.925418111687833
13.982117310443490                               -92.050349253312405
13.983261802575107                               -92.175621825126626
13.984406294706725                               -92.301246000220942
13.985550786838340                               -92.427232149817144
13.986695278969957                               -92.553590850298747
13.987839771101575                               -92.680332890646383
13.988984263233190                               -92.807469280189153
13.990128755364807                               -92.935011256549004
13.991273247496423                               -93.062970294040213
13.992417739628040                               -93.191358112268233
13.993562231759658                               -93.320186685300570
13.994706723891273                               -93.449468250987465
13.995851216022890                               -93.579215320849642
13.996995708154508                               -93.709440690287408
13.998140200286123                               -93.840157449314304
13.999284692417740                               -93.971378993695680
14.000429184549356                               -94.103119036590385
14.001573676680973                               -94.235391620774536
14.002718168812590                               -94.368211131303667
14.003862660944206                               -94.501592308933610
14.005007153075823                               -94.635550263905387
14.006151645207439                               -94.770100490602061
14.007296137339056                               -94.905258882816369
14.008440629470673                               -95.041041749702885
14.009585121602289                               -95.177465832562987
14.010729613733906                               -95.314548322406694
14.011874105865523                               -95.452306878344260
14.013018597997139                               -95.590759647003409
14.014163090128756                               -95.729925282860364
14.015307582260371                               -95.869822969502465
14.016452074391989                               -96.010472442190803
14.017596566523606                               -96.151894011383177
14.018741058655221                               -96.294108587662180
14.019885550786839                               -96.437137707839753
14.021030042918456                               -96.581003562612452
14.022174535050071                               -96.725729025536324
14.023319027181689                               -96.871337683776076
14.024463519313304                               -97.017853870455610
14.025608011444922                               -97.165302698817371
14.026752503576539                               -97.313710098327419
14.027896995708154                               -97.463102852993444
14.029041487839772                               -97.613508641685840
14.030185979971387                               -97.764956080932834
14.031330472103004                               -97.917474770362531
14.032474964234622                               -98.071095340678639
14.033619456366237                               -98.225849504837669
14.034763948497854                               -98.381770112120563
14.035908440629472                               -98.538891205651225
14.037052932761087                               -98.697248083846105
14.038197424892704                               -98.856877365298189
14.039341917024320                               -99.017817058399771
14.040486409155937                               -99.180106635167519
14.041630901287554                               -99.343787110298777
14.042775393419170                               -99.508901125336692
14.043919885550787                               -99.675493038810913
14.045064377682403                               -99.843609022499166
14.046208869814020                              -100.013297164746092
14.047353361945637                              -100.184607580740149
14.048497854077253                              -100.357592531361362
14.049642346208870                              -100.532306550382941
14.050786838340487                              -100.708806581375697
14.051931330472103                              -100.887152124994088
14.053075822603720                              -101.067405397692070
14.054220314735336                              -101.249631502868667
14.055364806866953                              -101.433898615563166
14.056509298998570                              -101.620278182251099
14.057653791130186                              -101.808845137052927
14.058798283261803                              -101.999678135978087
14.059942775393420                              -102.192859811309930
14.061087267525036                              -102.388477047785344
14.062231759656653                              -102.586621283235189
14.063376251788268                              -102.787388836339943
14.064520743919886                              -102.990881264235952
14.065665236051503                              -103.197205753307472
14.066809728183118                              -103.406475547243758
14.067954220314736                              -103.618810416614537
14.069098712446351                              -103.834337174093733
14.070243204577968                              -104.053190242612331
14.071387696709586                              -104.275512280766549
14.072532188841201                              -104.501454874583871
14.073676680972818                              -104.731179302769576
14.074821173104436                              -104.964857386365011
14.075965665236051                              -105.202672432611195
14.077110157367668                              -105.444820287682418
14.078254649499284                              -105.691510511876572
14.079399141630901                              -105.942967696589321
14.080543633762518                              -106.199432942273091
14.081688125894134                              -106.461165523009043
14.082832618025751                              -106.728444766018825
14.083977110157369                              -107.001572180664084
14.085121602288984                              -107.280873876810702
14.086266094420601                              -107.566703322632762
14.087410586552217                              -107.859444499218299
14.088555078683834                              -108.159515523479328
14.089699570815451                              -108.467372824160080
14.090844062947067                              -108.783515977365596
14.091988555078684                              -109.108493328117049
14.093133047210300                              -109.442908558430432
14.094277539341917                              -109.787428398564956
14.095422031473534                              -110.142791729470190
14.096566523605150                              -110.509820388012884
14.097711015736767                              -110.889432071250752
14.098855507868384                              -111.282655850925366
14.100000000000000                              -111.690650955733020
