6.000000000000000                               -64.702192206002422
6.002504173622705                               -64.673412306229267
6.005008347245409                               -64.644570100540491
6.007512520868113                               -64.615665258661068
6.010016694490818                               -64.586697447677921
6.012520868113523                               -64.557666332011408
6.015025041736227                               -64.528571573386685
6.017529215358931                               -64.499412830804516
6.020033388981636                               -64.470189760511801
6.022537562604341                               -64.440902015971673
6.025041736227045                               -64.411549247833165
6.027545909849749                               -64.382131103900392
6.030050083472454                               -64.352647229101564
6.032554257095159                               -64.323097265457221
6.035058430717863                               -64.293480852048305
6.037562604340567                               -64.263797624983766
6.040066777963272                               -64.234047217367518
6.042570951585977                               -64.204229259265105
6.045075125208681                               -64.174343377669942
6.047579298831385                               -64.144389196468978
6.050083472454090                               -64.114366336407869
6.052587646076795                               -64.084274415055773
6.055091819699499                               -64.054113046769487
6.057595993322203                               -64.023881842657346
6.060100166944908                               -63.993580410542279
6.062604340567613                               -63.963208354924532
6.065108514190317                               -63.932765276943904
6.067612687813022                               -63.902250774341319
6.070116861435726                               -63.871664441419895
6.072621035058431                               -63.841005869005457
6.075125208681135                               -63.810274644406547
6.077629382303840                               -63.779470351373661
6.080133555926544                               -63.748592570058193
6.082637729549249                               -63.717640876970513
6.085141903171953                               -63.686614844937523
6.087646076794658                               -63.655514043059711
6.090150250417362                               -63.624338036667396
6.092654424040067                               -63.593086387276429
6.095158597662771                               -63.561758652543190
6.097662771285476                               -63.530354386219052
6.100166944908180                               -63.498873138103960
6.102671118530885                               -63.467314453999478
6.105175292153589                               -63.435677875661121
6.107679465776294                               -63.403962940749835
6.110183639398998                               -63.372169182782997
6.112687813021703                               -63.340296131084429
6.115191986644407                               -63.308343310733832
6.117696160267112                               -63.276310242515336
6.120200333889816                               -63.244196442865331
6.122704507512521                               -63.212001423819579
6.125208681135225                               -63.179724692959297
6.127712854757930                               -63.147365753356645
6.130217028380634                               -63.114924103519229
6.132721202003339                               -63.082399237333881
6.135225375626043                               -63.049790644009391
6.137729549248748                               -63.017097808018505
6.140233722871453                               -62.984320209038970
6.142737896494157                               -62.951457321893656
6.145242070116861                               -62.918508616489682
6.147746243739566                               -62.885473557756704
6.150250417362271                               -62.852351605584190
6.152754590984975                               -62.819142214757584
6.155258764607679                               -62.785844834893680
6.157762938230384                               -62.752458910374770
6.160267111853089                               -62.718983880281804
6.162771285475793                               -62.685419178326562
6.165275459098497                               -62.651764232782618
6.167779632721202                               -62.618018466415258
6.170283806343907                               -62.584181296410264
6.172787979966611                               -62.550252134301481
6.175292153589315                               -62.516230385897309
6.177796327212020                               -62.482115451205928
6.180300500834725                               -62.447906724359264
6.182804674457429                               -62.413603593535825
6.185308848080133                               -62.379205440882153
6.187813021702838                               -62.344711642433026
6.190317195325543                               -62.310121568030311
6.192821368948247                               -62.275434581240503
6.195325542570951                               -62.240650039270868
6.197829716193656                               -62.205767292884182
6.200333889816361                               -62.170785686312023
6.202838063439065                               -62.135704557166598
6.205342237061769                               -62.100523236351115
6.207846410684474                               -62.065241047968620
6.210350584307179                               -62.029857309229229
6.212854757929883                               -61.994371330355847
6.215358931552587                               -61.958782414488212
6.217863105175292                               -61.923089857585353
6.220367278797997                               -61.887292948326255
6.222871452420701                               -61.851390968008900
6.225375626043405                               -61.815383190447577
6.227879799666110                               -61.779268881868191
6.230383973288815                               -61.743047300802090
6.232888146911519                               -61.706717697977624
6.235392320534223                               -61.670279316210113
6.237896494156928                               -61.633731390289711
6.240400667779633                               -61.597073146867309
6.242904841402337                               -61.560303804338389
6.245409015025041                               -61.523422572724840
6.247913188647746                               -61.486428653554583
6.250417362270451                               -61.449321239739135
6.252921535893155                               -61.412099515448844
6.255425709515859                               -61.374762655985904
6.257929883138564                               -61.337309827655069
6.260434056761269                               -61.299740187631997
6.262938230383973                               -61.262052883829192
6.265442404006678                               -61.224247054759395
6.267946577629382                               -61.186321829396562
6.270450751252087                               -61.148276327034175
6.272954924874791                               -61.110109657141017
6.275459098497496                               -61.071820919214083
6.277963272120200                               -61.033409202628867
6.280467445742905                               -60.994873586486811
6.282971619365609                               -60.956213139459877
6.285475792988314                               -60.917426919632007
6.287979966611018                               -60.878513974337821
6.290484140233723                               -60.839473339998065
6.292988313856427                               -60.800304041951932
6.295492487479132                               -60.761005094286133
6.297996661101836                               -60.721575499660688
6.300500834724541                               -60.682014249131377
6.303005008347245                               -60.642320321968583
6.305509181969950                               -60.602492685472782
6.308013355592654                               -60.562530294786249
6.310517529215359                               -60.522432092701109
6.313021702838063                               -60.482197009463604
6.315525876460768                               -60.441823962574418
6.318030050083472                               -60.401311856585060
6.320534223706177                               -60.360659582890158
6.323038397328881                               -60.319866019515516
6.325542570951586                               -60.278930030901982
6.328046744574290                               -60.237850467684844
6.330550918196995                               -60.196626166468803
6.333055091819699                               -60.155255949598221
6.335559265442404                               -60.113738624922838
6.338063439065109                               -60.072072985558492
6.340567612687813                               -60.030257809642947
6.343071786310517                               -59.988291860086640
6.345575959933222                               -59.946173884318192
6.348080133555927                               -59.903902614024688
6.350584307178631                               -59.861476764886291
6.353088480801335                               -59.818895036305442
6.355592654424040                               -59.776156111130170
6.358096828046745                               -59.733258655371621
6.360601001669449                               -59.690201317915367
6.363105175292153                               -59.646982730226661
6.365609348914858                               -59.603601506049245
6.368113522537563                               -59.560056241097712
6.370617696160267                               -59.516345512742930
6.373121869782971                               -59.472467879690896
6.375626043405676                               -59.428421881654280
6.378130217028381                               -59.384206039016831
6.380634390651085                               -59.339818852490311
6.383138564273789                               -59.295258802763783
6.385642737896494                               -59.250524350145042
6.388146911519199                               -59.205613934193984
6.390651085141902                               -59.160525973347760
6.393155258764607                               -59.115258864537275
6.395659432387312                               -59.069810982795097
6.398163606010017                               -59.024180680854300
6.400667779632721                               -58.978366288738179
6.403171953255425                               -58.932366113340279
6.405676126878130                               -58.886178437994950
6.408180300500835                               -58.839801522037675
6.410684474123539                               -58.793233600355130
6.413188647746243                               -58.746472882924806
6.415692821368948                               -58.699517554343494
6.418196994991653                               -58.652365773344755
6.420701168614357                               -58.605015672304773
6.423205342237061                               -58.557465356736429
6.425709515859766                               -58.509712904771085
6.428213689482471                               -58.461756366627839
6.430717863105175                               -58.413593764069930
6.433222036727879                               -58.365223089847753
6.435726210350584                               -58.316642307128234
6.438230383973289                               -58.267849348910048
6.440734557595993                               -58.218842117424401
6.443238731218697                               -58.169618483520857
6.445742904841402                               -58.120176286037577
6.448247078464107                               -58.070513331155986
6.450751252086811                               -58.020627391738870
6.453255425709515                               -57.970516206651624
6.455759599332220                               -57.920177480066364
6.458263772954925                               -57.869608880747791
6.460767946577629                               -57.818808041320807
6.463272120200334                               -57.767772557519123
6.465776293823038                               -57.716499987414124
6.468280467445743                               -57.664987850623469
6.470784641068447                               -57.613233627498943
6.473288814691152                               -57.561234758292557
6.475792988313856                               -57.508988642300629
6.478297161936561                               -57.456492636984642
6.480801335559265                               -57.403744057068558
6.483305509181970                               -57.350740173611626
6.485809682804674                               -57.297478213055939
6.488313856427379                               -57.243955356247724
6.490818030050083                               -57.190168737431854
6.493322203672788                               -57.136115443218330
6.495826377295492                               -57.081792511520071
6.498330550918197                               -57.027196930460889
6.500834724540901                               -56.972325637252581
6.503338898163606                               -56.917175517040334
6.505843071786310                               -56.861743401715181
6.508347245409015                               -56.806026068692319
6.510851419031719                               -56.750020239654276
6.513355592654424                               -56.693722579257638
6.515859766277128                               -56.637129693801882
6.518363939899833                               -56.580238129859445
6.520868113522537                               -56.523044372865002
6.523372287145242                               -56.465544845663089
6.525876460767946                               -56.407735907012324
6.528380634390651                               -56.349613850044484
6.530884808013355                               -56.291174900677291
6.533388981636060                               -56.232415215978648
6.535893155258765                               -56.173330882480919
6.538397328881469                               -56.113917914443327
6.540901502504173                               -56.054172252060582
6.543405676126878                               -55.994089759615370
6.545909849749583                               -55.933666223573240
6.548414023372287                               -55.872897350617066
6.550918196994991                               -55.811778765619337
6.553422370617696                               -55.750306009549213
6.555926544240401                               -55.688474537312693
6.558430717863104                               -55.626279715522415
6.560934891485809                               -55.563716820195104
6.563439065108514                               -55.500781034373176
6.565943238731219                               -55.437467445667927
6.568447412353922                               -55.373771043721035
6.570951585976627                               -55.309686717580988
6.573455759599332                               -55.245209252991302
6.575959933222037                               -55.180333329586510
6.578464106844740                               -55.115053517992408
6.580968280467445                               -55.049364276826779
6.583472454090150                               -54.983259949595976
6.585976627712855                               -54.916734761483411
6.588480801335558                               -54.849782816025225
6.590984974958263                               -54.782398091668398
6.593489148580968                               -54.714574438206320
6.595993322203673                               -54.646305573086323
6.598497495826377                               -54.577585077583961
6.601001669449081                               -54.508406392837934
6.603505843071786                               -54.438762815739693
6.606010016694491                               -54.368647494671251
6.608514190317195                               -54.298053425084305
6.611018363939899                               -54.226973444913668
6.613522537562604                               -54.155400229817474
6.616026711185309                               -54.083326288236300
6.618530884808013                               -54.010743956262608
6.621035058430717                               -53.937645392312056
6.623539232053422                               -53.864022571587171
6.626043405676127                               -53.789867280323868
6.628547579298831                               -53.715171109810036
6.631051752921535                               -53.639925450165848
6.633555926544240                               -53.564121483873855
6.636060100166945                               -53.487750179047062
6.638564273789649                               -53.410802282421663
6.641068447412353                               -53.333268312061364
6.643572621035058                               -53.255138549758556
6.646076794657763                               -53.176403033117182
6.648580968280467                               -53.097051547301291
6.651085141903171                               -53.017073616431972
6.653589315525876                               -52.936458494614698
6.656093489148581                               -52.855195156577757
6.658597662771285                               -52.773272287901690
6.661101836393990                               -52.690678274817373
6.663606010016694                               -52.607401193550587
6.666110183639399                               -52.523428799187933
6.668614357262103                               -52.438748514038622
6.671118530884808                               -52.353347415463901
6.673622704507512                               -52.267212223145300
6.676126878130217                               -52.180329285759697
6.678631051752921                               -52.092684567028300
6.681135225375626                               -52.004263631103562
6.683639398998330                               -51.915051627255899
6.686143572621035                               -51.825033273819976
6.688647746243739                               -51.734192841356730
6.691151919866444                               -51.642514134985056
6.693656093489148                               -51.549980475833131
6.696160267111853                               -51.456574681556617
6.698664440734557                               -51.362279045866657
6.701168614357262                               -51.267075317006665
6.703672787979966                               -51.170944675112281
6.706176961602671                               -51.073867708384569
6.708681135225375                               -50.975824388000824
6.711185308848080                               -50.876794041681883
6.713689482470784                               -50.776755325828553
6.716193656093489                               -50.675686196133412
6.718697829716193                               -50.573563876566737
6.721202003338898                               -50.470364826627154
6.723706176961602                               -50.366064706739650
6.726210350584306                               -50.260638341673044
6.728714524207011                               -50.154059681840124
6.731218697829716                               -50.046301762331083
6.733722871452421                               -49.937336659519332
6.736227045075124                               -49.827135445064670
6.738731218697829                               -49.715668137124744
6.741235392320534                               -49.602903648568486
6.743739565943239                               -49.488809731968004
6.746243739565942                               -49.373352921125175
6.748747913188648                               -49.256498468867740
6.751252086811352                               -49.138210280826172
6.753756260434058                               -49.018450844873655
6.756260434056760                               -48.897181155887459
6.758764607679466                               -48.774360635449632
6.761268781302170                               -48.649947046078026
6.763772954924876                               -48.523896399529882
6.766277128547578                               -48.396162858682779
6.768781302170284                               -48.266698632443905
6.771285475792988                               -48.135453863085054
6.773789649415694                               -48.002376505337836
6.776293823038396                               -47.867412196517598
6.778797996661102                               -47.730504116861482
6.781302170283806                               -47.591592839186674
6.783806343906511                               -47.450616166869260
6.786310517529214                               -47.307508959040888
6.788814691151920                               -47.162202941772563
6.791318864774624                               -47.014626503875661
6.793823038397329                               -46.864704475790234
6.796327212020033                               -46.712357889855276
6.798831385642738                               -46.557503720041105
6.801335559265442                               -46.400054599002729
6.803839732888147                               -46.239918510034848
6.806343906510851                               -46.076998451212219
6.808848080133556                               -45.911192068644702
6.811352253756260                               -45.742391255375892
6.813856427378965                               -45.570481711986695
6.816360601001669                               -45.395342464436617
6.818864774624374                               -45.216845334041551
6.821368948247078                               -45.034854353780119
6.823873121869783                               -44.849225124263057
6.826377295492487                               -44.659804101730174
6.828881469115192                               -44.466427809275622
6.831385642737896                               -44.268921961152436
6.833889816360601                               -44.067100488400342
6.836393989983305                               -43.860764452149070
6.838898163606010                               -43.649700828687926
6.841402337228714                               -43.433681147710217
6.843906510851419                               -43.212459961905054
6.846410684474123                               -42.985773122202787
6.848914858096829                               -42.753335828278630
6.851419031719532                               -42.514840418237945
6.853923205342237                               -42.269953854456389
6.856427378964941                               -42.018314854036504
6.858931552587647                               -41.759530601842492
6.861435726210350                               -41.493172971071132
6.863939899833055                               -41.218774160075284
6.866444073455759                               -40.935821633807379
6.868948247078465                               -40.643752232501356
6.871452420701168                               -40.341945277489906
6.873956594323873                               -40.029714462071617
6.876460767946577                               -39.706298261114277
6.878964941569283                               -39.370848522383369
6.881469115191986                               -39.022416809621497
6.883973288814691                               -38.659937943886298
6.886477462437395                               -38.282210023909826
6.888981636060101                               -37.887869981174596
6.891485809682804                               -37.475363416131664
6.893989983305509                               -37.042907031237412
6.896494156928213                               -36.588441367869187
6.898998330550919                               -36.109570680523589
6.901502504173622                               -35.603485505755025
6.904006677796327                               -35.066861583820142
6.906510851419031                               -34.495725903041333
6.909015025041737                               -33.885276141295435
6.911519198664440                               -33.229632593976419
6.914023372287145                               -32.521489846599316
6.916527545909849                               -31.751615296196842
6.919031719532555                               -30.908105926949311
6.921535893155258                               -29.975248575557707
6.924040066777963                               -28.931699527632372
6.926544240400667                               -27.747429498485690
6.929048414023373                               -26.378271655241580
6.931552587646077                               -24.755396497120564
6.934056761268781                               -22.762757364090916
6.936560934891485                               -20.181150910858506
6.939065108514191                               -16.515100387183530
6.941569282136895                               -10.214588467601306
6.944073455759599                                -0.795826691322445
6.946577629382303                               -12.253601744387757
6.949081803005009                               -17.574233553599058
6.951585976627713                               -20.874291235693889
6.954090150250417                               -23.263121388882936
6.956594323873121                               -25.134331626027112
6.959098497495827                               -26.671881205763270
6.961602671118531                               -27.976470828400846
6.964106844741235                               -29.109192495083931
6.966611018363940                               -30.109892864397921
6.969115191986645                               -31.006000695704330
6.971619365609349                               -31.817201132235216
6.974123539232054                               -32.558099853230615
6.976627712854758                               -33.239832242964361
6.979131886477463                               -33.871082097916585
6.981636060100167                               -34.458752088448705
6.984140233722872                               -35.008419689804022
6.986644407345576                               -35.524656001170996
6.989148580968281                               -36.011254125965195
6.991652754590985                               -36.471396246088680
6.994156928213690                               -36.907778132250868
6.996661101836394                               -37.322703471860422
6.999165275459099                               -37.718156388324950
7.001669449081803                               -38.095857934935054
7.004173622704508                               -38.457310633058810
7.006677796327212                               -38.803833967559420
7.009181969949917                               -39.136592956655150
7.011686143572621                               -39.456621356838113
7.014190317195326                               -39.764840668026224
7.016694490818030                               -40.062075819210143
7.019198664440735                               -40.349068206865695
7.021702838063439                               -40.626486604751165
7.024207011686144                               -40.894936348918669
7.026711185308848                               -41.154967115126922
7.029215358931553                               -41.407079539816046
7.031719532554257                               -41.651730885027412
7.034223706176962                               -41.889339908282437
7.036727879799666                               -42.120291067661285
7.039232053422371                               -42.344938168090309
7.041736227045075                               -42.563607535638681
7.044240400667780                               -42.776600791288793
7.046744574290485                               -42.984197283333678
7.049248747913189                               -43.186656227606562
7.051752921535893                               -43.384218596666429
7.054257095158598                               -43.577108792466433
7.056761268781303                               -43.765536131615754
7.059265442404007                               -43.949696167878912
7.061769616026711                               -44.129771872857610
7.064273789649416                               -44.305934692720484
7.066777963272121                               -44.478345496276013
7.069282136894825                               -44.647155427524297
7.071786310517529                               -44.812506674010365
7.074290484140234                               -44.974533160761951
7.076794657762939                               -45.133361178297690
7.079298831385643                               -45.289109952081681
7.081803005008347                               -45.441892159855769
7.084307178631052                               -45.591814402471357
7.086811352253757                               -45.738977633148266
7.089315525876461                               -45.883477549488198
7.091819699499165                               -46.025404952056313
7.094323873121870                               -46.164846072893013
7.096828046744575                               -46.301882876933298
7.099332220367279                               -46.436593338970539
7.101836393989983                               -46.569051698508375
7.104340567612688                               -46.699328694585454
7.106844741235393                               -46.827491782432091
7.109348914858098                               -46.953605333620757
7.111853088480801                               -47.077730821195615
7.114357262103506                               -47.199926991115298
7.116861435726211                               -47.320250021204153
7.119365609348915                               -47.438753668689060
7.121869782971619                               -47.555489407291617
7.124373956594324                               -47.670506554750247
7.126878130217029                               -47.783852391563293
7.129382303839733                               -47.895572271668023
7.131886477462437                               -48.005709725703980
7.134390651085142                               -48.114306557449922
7.136894824707847                               -48.221402933967227
7.139398998330551                               -48.327037469937650
7.141903171953255                               -48.431247306637665
7.144407345575960                               -48.534068185954055
7.146911519198665                               -48.635534519809049
7.149415692821369                               -48.735679455333454
7.151919866444073                               -48.834534936095423
7.154424040066778                               -48.932131759668579
7.156928213689483                               -49.028499631799164
7.159432387312187                               -49.123667217409647
7.161936560934891                               -49.217662188658906
7.164440734557596                               -49.310511270259923
7.166944908180301                               -49.402240282240783
7.169449081803005                               -49.492874180320328
7.171953255425710                               -49.582437094055997
7.174457429048414                               -49.670952362910285
7.176961602671119                               -49.758442570369880
7.179465776293823                               -49.844929576243388
7.181969949916528                               -49.930434547251814
7.184474123539232                               -50.014977986019851
7.186978297161937                               -50.098579758567176
7.189482470784641                               -50.181259120391388
7.191986644407346                               -50.263034741228992
7.194490818030050                               -50.343924728573526
7.196994991652755                               -50.423946650024931
7.199499165275459                               -50.503117554539912
7.202003338898164                               -50.581453992646345
7.204507512520868                               -50.658972035682623
7.207011686143573                               -50.735687294117710
7.209515859766277                               -50.811614935003604
7.212020033388982                               -50.886769698609832
7.214524207011686                               -50.961165914284940
7.217028380634391                               -51.034817515587854
7.219532554257095                               -51.107738054729126
7.222036727879800                               -51.179940716359752
7.224540901502504                               -51.251438330741919
7.227045075125209                               -51.322243386335430
7.229549248747913                               -51.392368041830011
7.232053422370618                               -51.461824137652897
7.234557595993322                               -51.530623206978852
7.237061769616027                               -51.598776486268022
7.239565943238731                               -51.666294925355899
7.242070116861436                               -51.733189197118151
7.244574290484141                               -51.799469706731372
7.247078464106845                               -51.865146600549878
7.249582637729549                               -51.930229774617736
7.252086811352254                               -51.994728882833684
7.254590984974959                               -52.058653344785846
7.257095158597663                               -52.122012353272012
7.259599332220367                               -52.184814881520808
7.262103505843072                               -52.247069690127390
7.264607679465777                               -52.308785333717900
7.267111853088481                               -52.369970167354452
7.269616026711185                               -52.430632352693216
7.272120200333890                               -52.490779863906852
7.274624373956595                               -52.550420493381822
7.277128547579299                               -52.609561857201058
7.279632721202003                               -52.668211400421413
7.282136894824708                               -52.726376402155054
7.284641068447413                               -52.784063980463699
7.287145242070117                               -52.841281097073569
7.289649415692821                               -52.898034561919104
7.292153589315526                               -52.954331037522849
7.294657762938231                               -53.010177043218405
7.297161936560935                               -53.065578959223309
7.299666110183639                               -53.120543030568079
7.302170283806344                               -53.175075370887583
7.304674457429049                               -53.229181966080226
7.307178631051753                               -53.282868677841002
7.309682804674457                               -53.336141247072874
7.312186978297162                               -53.389005297181996
7.314691151919867                               -53.441466337261339
7.317195325542571                               -53.493529765167139
7.319699499165275                               -53.545200870492607
7.322203672787980                               -53.596484837442915
7.324707846410685                               -53.647386747615364
7.327212020033389                               -53.697911582688384
7.329716193656093                               -53.748064227023278
7.332220367278798                               -53.797849470181561
7.334724540901503                               -53.847272009361532
7.337228714524207                               -53.896336451757072
7.339732888146911                               -53.945047316841652
7.342237061769616                               -53.993409038580211
7.344741235392321                               -54.041425967571982
7.347245409015025                               -54.089102373126245
7.349749582637729                               -54.136442445274390
7.352253756260434                               -54.183450296719599
7.354757929883139                               -54.230129964727297
7.357262103505843                               -54.276485412958039
7.359766277128547                               -54.322520533245083
7.362270450751252                               -54.368239147318619
7.364774624373957                               -54.413645008478639
7.367278797996661                               -54.458741803218118
7.369782971619366                               -54.503533152798305
7.372287145242070                               -54.548022614778091
7.374791318864775                               -54.592213684498496
7.377295492487479                               -54.636109796524444
7.379799666110184                               -54.679714326044817
7.382303839732888                               -54.723030590232504
7.384808013355593                               -54.766061849565787
7.387312186978297                               -54.808811309112208
7.389816360601002                               -54.851282119776300
7.392320534223706                               -54.893477379512568
7.394824707846411                               -54.935400134504505
7.397328881469115                               -54.977053380311034
7.399833055091820                               -55.018440062981426
7.402337228714524                               -55.059563080139633
7.404841402337229                               -55.100425282039197
7.407345575959933                               -55.141029472589480
7.409849749582638                               -55.181378410354291
7.412353923205342                               -55.221474809523727
7.414858096828047                               -55.261321340860249
7.417362270450751                               -55.300920632619537
7.419866444073456                               -55.340275271447069
7.422370617696160                               -55.379387803251262
7.424874791318865                               -55.418260734053781
7.427378964941569                               -55.456896530817836
7.429883138564274                               -55.495297622254967
7.432387312186978                               -55.533466399611200
7.434891485809683                               -55.571405217433110
7.437395659432387                               -55.609116394314391
7.439899833055092                               -55.646602213623453
7.442404006677797                               -55.683864924212898
7.444908180300501                               -55.720906741110987
7.447412353923205                               -55.757729846196057
7.449916527545910                               -55.794336388854155
7.452420701168615                               -55.830728486620416
7.454924874791319                               -55.866908225804657
7.457429048414023                               -55.902877662101893
7.459933222036728                               -55.938638821187737
7.462437395659433                               -55.974193699299512
7.464941569282137                               -56.009544263803448
7.467445742904841                               -56.044692453748141
7.469949916527546                               -56.079640180404894
7.472454090150251                               -56.114389327795209
7.474958263772955                               -56.148941753205861
7.477462437395659                               -56.183299287691717
7.479966611018364                               -56.217463736567041
7.482470784641069                               -56.251436879885048
7.484974958263773                               -56.285220472906602
7.487479131886477                               -56.318816246557930
7.489983305509182                               -56.352225907877902
7.492487479131887                               -56.385451140454997
7.494991652754591                               -56.418493604854490
7.497495826377295                               -56.451354939035703
7.500000000000000                               -56.484036758760105
