13.300000000000001                               -68.930263105366166
13.301144492131616                               -68.786435414257056
13.302288984263233                               -68.642025435831528
13.303433476394849                               -68.497022154177543
13.304577968526466                               -68.351414394571478
13.305722460658084                               -68.205190817815804
13.306866952789699                               -68.058339914427506
13.308011444921316                               -67.910849998635967
13.309155937052934                               -67.762709202218446
13.310300429184549                               -67.613905468084596
13.311444921316166                               -67.464426543729260
13.312589413447782                               -67.314259974411186
13.313733905579399                               -67.163393096130747
13.314878397711016                               -67.011813028372714
13.316022889842632                               -66.859506666586043
13.317167381974249                               -66.706460674416817
13.318311874105866                               -66.552661475658240
13.319456366237482                               -66.398095245931557
13.320600858369099                               -66.242747904040357
13.321745350500715                               -66.086605103028916
13.322889842632332                               -65.929652220899513
13.324034334763949                               -65.771874350981008
13.325178826895565                               -65.613256291945447
13.326323319027182                               -65.453782537410532
13.327467811158797                               -65.293437265180103
13.328612303290415                               -65.132204326015952
13.329756795422032                               -64.970067231998826
13.330901287553647                               -64.807009144395792
13.332045779685265                               -64.643012861042422
13.333190271816882                               -64.478060803202993
13.334334763948497                               -64.312135001885039
13.335479256080115                               -64.145217083567829
13.336623748211730                               -63.977288255329356
13.337768240343348                               -63.808329289325059
13.338912732474965                               -63.638320506597601
13.340057224606580                               -63.467241760151758
13.341201716738198                               -63.295072417303530
13.342346208869813                               -63.121791341193678
13.343490701001430                               -62.947376871499259
13.344635193133048                               -62.771806804216098
13.345779685264663                               -62.595058370515922
13.346924177396280                               -62.417108214600773
13.348068669527898                               -62.237932370507572
13.349213161659513                               -62.057506237767356
13.350357653791130                               -61.875804555900601
13.351502145922746                               -61.692801377639071
13.352646638054363                               -61.508470040805875
13.353791130185980                               -61.322783138781851
13.354935622317596                               -61.135712489450768
13.356080114449213                               -60.947229102544867
13.357224606580830                               -60.757303145264494
13.358369098712446                               -60.565903906100672
13.359513590844063                               -60.372999756685928
13.360658082975679                               -60.178558111599912
13.361802575107296                               -59.982545385937655
13.362947067238913                               -59.784926950556041
13.364091559370529                               -59.585667084755499
13.365236051502146                               -59.384728926285021
13.366380543633761                               -59.182074418469782
13.367525035765379                               -58.977664254222823
13.368669527896996                               -58.771457816753852
13.369814020028612                               -58.563413116709661
13.370958512160229                               -58.353486725506514
13.372103004291846                               -58.141633704527294
13.373247496423462                               -57.927807529935961
13.374391988555079                               -57.711960012692259
13.375536480686694                               -57.494041213454814
13.376680972818312                               -57.273999351935458
13.377825464949929                               -57.051780710284874
13.378969957081544                               -56.827329529987779
13.380114449213162                               -56.600587901773942
13.381258941344779                               -56.371495647923282
13.382403433476394                               -56.139990196355100
13.383547925608012                               -55.906006445757058
13.384692417739627                               -55.669476620996662
13.385836909871244                               -55.430330117944806
13.386981402002862                               -55.188493336741224
13.388125894134477                               -54.943889502472338
13.389270386266094                               -54.696438472047859
13.390414878397710                               -54.446056526017117
13.391559370529327                               -54.192656143820159
13.392703862660944                               -53.936145760912233
13.393848354792560                               -53.676429505889715
13.394992846924177                               -53.413406915655308
13.396137339055795                               -53.146972626292772
13.397281831187410                               -52.877016037155791
13.398426323319027                               -52.603420945259217
13.399570815450643                               -52.326065146764023
13.400715307582260                               -52.044820001872935
13.401859799713877                               -51.759549959014599
13.403004291845493                               -51.470112033581387
13.404148783977110                               -51.176355235890234
13.405293276108727                               -50.878119942221247
13.406437768240343                               -50.575237201956242
13.407582260371960                               -50.267527972773664
13.408726752503576                               -49.954802274669390
13.409871244635193                               -49.636858252140215
13.411015736766810                               -49.313481132181145
13.412160228898426                               -48.984442063783639
13.413304721030043                               -48.649496822231029
13.414449213161658                               -48.308384358673194
13.415593705293276                               -47.960825172097579
13.416738197424893                               -47.606519476704449
13.417882689556508                               -47.245145132806101
13.419027181688126                               -46.876355303398192
13.420171673819743                               -46.499775791196136
13.421316165951358                               -46.115002002050929
13.422460658082976                               -45.721595469581459
13.423605150214591                               -45.319079862157182
13.424749642346208                               -44.906936376287057
13.425894134477826                               -44.484598399006742
13.427038626609441                               -44.051445294701743
13.428183118741059                               -43.606795137250032
13.429327610872676                               -43.149896164020248
13.430472103004291                               -42.679916670895501
13.431616595135909                               -42.195932992682671
13.432761087267524                               -41.696915114719843
13.433905579399141                               -41.181709330523802
13.435050071530759                               -40.649017184292433
13.436194563662374                               -40.097369697894443
13.437339055793991                               -39.525095552859810
13.438483547925607                               -38.930281439138042
13.439628040057224                               -38.310722133450199
13.440772532188841                               -37.663856937797192
13.441917024320457                               -36.986687745973221
13.443061516452074                               -36.275671976122609
13.444206008583691                               -35.526580520237793
13.445350500715307                               -34.734306056286982
13.446494992846924                               -33.892599393665350
13.447639484978540                               -32.993698903885161
13.448783977110157                               -32.027796651499564
13.449928469241774                               -30.982247043375345
13.451072961373390                               -29.840354273900353
13.452217453505007                               -28.579440466685568
13.453361945636624                               -27.167621578970895
13.454506437768240                               -25.558117944408835
13.455650929899857                               -23.678515098011751
13.456795422031472                               -21.408816231238426
13.457939914163090                               -18.532844796612917
13.459084406294707                               -14.634226046107919
13.460228898426323                                -9.279063241313608
13.461373390557940                                -8.231069104800424
13.462517882689555                               -13.202910909695586
13.463662374821173                               -16.873595322834291
13.464806866952790                               -19.424608483915410
13.465951359084405                               -21.316531284636724
13.467095851216023                               -22.789062469322911
13.468240343347640                               -23.973099843525571
13.469384835479255                               -24.946396034556763
13.470529327610873                               -25.758449780079964
13.471673819742488                               -26.442514343294846
13.472818311874105                               -27.021878628791374
13.473962804005723                               -27.513387181822054
13.475107296137338                               -27.929528208920811
13.476251788268955                               -28.279731282278725
13.477396280400573                               -28.571205215651734
13.478540772532188                               -28.809495965111992
13.479685264663805                               -28.998867097673511
13.480829756795421                               -29.142563619701669
13.481974248927038                               -29.242996370051348
13.483118741058655                               -29.301870296289259
13.484263233190271                               -29.320271421279056
13.485407725321888                               -29.298721859006967
13.486552217453504                               -29.237208558143525
13.487696709585121                               -29.135188774531816
13.488841201716738                               -28.991573110923873
13.489985693848354                               -28.804684959677857
13.491130185979971                               -28.572193030699435
13.492274678111588                               -28.291010999575967
13.493419170243204                               -27.957154709440545
13.494563662374821                               -27.565542101637888
13.495708154506437                               -27.109712973301221
13.496852646638054                               -26.581432743160619
13.497997138769671                               -25.970122984277310
13.499141630901287                               -25.262024645911115
13.500286123032904                               -24.438934118626619
13.501430615164521                               -23.476230161943256
13.502575107296137                               -22.339673864848187
13.503719599427754                               -20.979993997857569
13.504864091559369                               -19.323339003225954
13.506008583690987                               -17.254142416152614
13.507153075822604                               -14.588196722486373
13.508297567954219                               -11.088237531622267
13.509442060085837                                -7.261487295705925
13.510586552217452                                -7.377808738488127
13.511731044349069                               -10.690273522419826
13.512875536480687                               -13.326130696784066
13.514020028612302                               -14.932009487736416
13.515164520743919                               -15.563184336779690
13.516309012875537                               -15.010359413012658
13.517453505007152                               -12.366546608318707
13.518597997138770                                -6.102154956285456
13.519742489270385                               -16.042387609409108
13.520886981402002                               -24.428202393156241
13.522031473533620                               -30.677839068696805
13.523175965665235                               -36.153514143600781
13.524320457796852                               -41.459738287079453
13.525464949928468                               -47.031891000088955
13.526609442060085                               -53.097403103098429
13.527753934191702                               -57.486877595983074
13.528898426323318                               -56.541171589729515
13.530042918454935                               -54.678415544316508
13.531187410586552                               -53.522322984240809
13.532331902718168                               -52.919249493871519
13.533476394849785                               -52.678644185334946
13.534620886981401                               -52.683509742028704
13.535765379113018                               -52.864245488575499
13.536909871244635                               -53.178535657729924
13.538054363376251                               -53.600249545881610
13.539198855507868                               -54.113394488048705
13.540343347639485                               -54.708725099667426
13.541487839771101                               -55.381775811607170
13.542632331902718                               -56.131664956175683
13.543776824034333                               -56.960277019104673
13.544921316165951                               -57.871496170707985
13.546065808297568                               -58.870055127170559
13.547210300429184                               -59.959184025129943
13.548354792560801                               -61.135350835997606
13.549499284692416                               -62.376640573275012
13.550643776824034                               -63.619301213983242
13.551788268955651                               -64.721392661278884
13.552932761087266                               -65.446105933672115
13.554077253218884                               -65.557243303773035
13.555221745350501                               -65.021331927141134
13.556366237482116                               -64.042494520089818
13.557510729613734                               -62.871133975548972
13.558655221745349                               -61.671520683520953
13.559799713876966                               -60.521126375447892
13.560944206008584                               -59.447454523082833
13.562088698140199                               -58.454941355353412
13.563233190271816                               -57.538755068226578
13.564377682403434                               -56.691013246725561
13.565522174535049                               -55.903391463056415
13.566666666666666                               -55.168129288043424
13.567811158798282                               -54.478348692952309
13.568955650929899                               -53.828088651129605
13.570100143061516                               -53.212231871985523
13.571244635193132                               -52.626399156015857
13.572389127324749                               -52.066842604561579
13.573533619456365                               -51.530349477099655
13.574678111587982                               -51.014160089062166
13.575822603719599                               -50.515899682771291
13.576967095851215                               -50.033522948743460
13.578111587982832                               -49.565269588051919
13.579256080114449                               -49.109629429979108
13.580400572246065                               -48.665315904832852
13.581545064377682                               -48.231247016676136
13.582689556509298                               -47.806533331164744
13.583834048640915                               -47.390472891716293
13.584978540772532                               -46.982553427014878
13.586123032904148                               -46.582462758123228
13.587267525035765                               -46.190109022621840
13.588412017167382                               -45.805653313171966
13.589556509298998                               -45.429558748586572
13.590701001430615                               -45.062662137203958
13.591845493562230                               -44.706277730311896
13.592989985693848                               -44.362347931147177
13.594134477825465                               -44.033664735058942
13.595278969957080                               -43.724200978766163
13.596423462088698                               -43.439617775296135
13.597567954220313                               -43.188065377357972
13.598712446351930                               -42.981494441893048
13.599856938483548                               -42.837902439833790
13.601001430615163                               -42.785406054182559
13.602145922746780                               -42.870177489274852
13.603290414878398                               -43.173465811710592
13.604434907010013                               -43.853328829617297
13.605579399141631                               -45.269983446815999
13.606723891273246                               -48.525299156666499
13.607868383404863                               -61.555137026801219
13.609012875536481                               -46.166962007123047
13.610157367668096                               -35.871032438204104
13.611301859799713                               -27.355131549496900
13.612446351931331                               -17.159625788962355
13.613590844062946                               -10.540232109293417
13.614735336194563                               -16.125729102775178
13.615879828326179                               -18.196626913408739
13.617024320457796                               -18.753784264624912
13.618168812589413                               -18.508309487014444
13.619313304721029                               -17.696988272213595
13.620457796852646                               -16.377463663403041
13.621602288984262                               -14.498856800176059
13.622746781115879                               -11.912450834592921
13.623891273247496                                -8.495876764141890
13.625035765379112                                -5.704622282116891
13.626180257510729                                -7.712995822984751
13.627324749642346                               -11.369560871492698
13.628469241773962                               -14.303391333706470
13.629613733905579                               -16.553139157166228
13.630758226037194                               -18.328038613831136
13.631902718168812                               -19.769127918578533
13.633047210300429                               -20.965348264390897
13.634191702432044                               -21.974559535828831
13.635336194563662                               -22.835989206360239
13.636480686695279                               -23.577243744245390
13.637625178826895                               -24.218365638075042
13.638769670958512                               -24.774276741984330
13.639914163090127                               -25.256308662709017
13.641058655221745                               -25.673195468009425
13.642203147353362                               -26.031737212852274
13.643347639484977                               -26.337254537516305
13.644492131616595                               -26.593906131954462
13.645636623748210                               -26.804913238930688
13.646781115879827                               -26.972719046668988
13.647925608011445                               -27.099100826755844
13.649070100143060                               -27.185246315405145
13.650214592274677                               -27.231801604199674
13.651359084406295                               -27.238894811206794
13.652503576537910                               -27.206137487619809
13.653648068669527                               -27.132603691149182
13.654792560801143                               -27.016784606168144
13.655937052932760                               -26.856514183699304
13.657081545064377                               -26.648858092156473
13.658226037195993                               -26.389953686126177
13.659370529327610                               -26.074781686822206
13.660515021459227                               -25.696839027260925
13.661659513590843                               -25.247663555349909
13.662804005722460                               -24.716128702815851
13.663948497854076                               -24.087367164324132
13.665092989985693                               -23.341070374822998
13.666237482117310                               -22.448685422645376
13.667381974248926                               -21.368550954011027
13.668526466380543                               -20.036918140180511
13.669670958512159                               -18.350131525514570
13.670815450643776                               -16.126602280286232
13.671959942775393                               -13.026783398882557
13.673104434907009                                -8.577072471874787
13.674248927038626                                -6.068474016741056
13.675393419170243                               -10.925337781095305
13.676537911301859                               -15.327962751489672
13.677682403433476                               -18.528530262564630
13.678826895565093                               -21.003962670050683
13.679971387696709                               -23.024014503545889
13.681115879828328                               -24.735768624000023
13.682260371959941                               -26.225844020165656
13.683404864091560                               -27.549020196145459
13.684549356223176                               -28.741987730951752
13.685693848354793                               -29.830472875488656
13.686838340486409                               -30.833193272205509
13.687982832618026                               -31.764186479405076
13.689127324749641                               -32.634249363489509
13.690271816881260                               -33.451865233104904
13.691416309012874                               -34.223822240346983
13.692560801144493                               -34.955638391447266
13.693705293276107                               -35.651861314379985
13.694849785407726                               -36.316284530846467
13.695994277539342                               -36.952106630086057
13.697138769670959                               -37.562050508444315
13.698283261802574                               -38.148454114524334
13.699427753934193                               -38.713340495139050
13.700572246065807                               -39.258472560103158
13.701716738197426                               -39.785396399907988
13.702861230329040                               -40.295475913635208
13.704005722460659                               -40.789920759941644
13.705150214592276                               -41.269809120254727
13.706294706723892                               -41.736106389857810
13.707439198855509                               -42.189680642234563
13.708583690987126                               -42.631315514095391
13.709728183118742                               -43.061721011844902
13.710872675250359                               -43.481542630254999
13.712017167381974                               -43.891369090996577
13.713161659513592                               -44.291738945098345
13.714306151645209                               -44.683146234430062
13.715450643776824                               -45.066045369294379
13.716595135908442                               -45.440855349340112
13.717739628040059                               -45.807963431597614
13.718884120171674                               -46.167728330670172
13.720028612303292                               -46.520483021285500
13.721173104434907                               -46.866537201330722
13.722317596566525                               -47.206179463845011
13.723462088698142                               -47.539679218498001
13.724606580829757                               -47.867288396654580
13.725751072961375                               -48.189242968818469
13.726895565092990                               -48.505764298823699
13.728040057224607                               -48.817060355585646
13.729184549356225                               -49.123326800092357
13.730329041487840                               -49.424747962898294
13.731473533619457                               -49.721497725141852
13.732618025751075                               -50.013740314418911
13.733762517882690                               -50.301631025245669
13.734907010014307                               -50.585316872599037
13.736051502145923                               -50.864937185935858
13.737195994277540                               -51.140624150093537
13.738340486409157                               -51.412503298774972
13.739484978540773                               -51.680693965494207
13.740629470672390                               -51.945309696414583
13.741773962804007                               -52.206458628863302
13.742918454935623                               -52.464243838943304
13.744062947067240                               -52.718763661246527
13.745207439198856                               -52.970111983338114
13.746351931330473                               -53.218378517374312
13.747496423462090                               -53.463649050997859
13.748640915593706                               -53.706005679366207
13.749785407725323                               -53.945527020022112
13.750929899856938                               -54.182288412133687
13.752074391988556                               -54.416362101439468
13.753218884120173                               -54.647817412129676
13.754363376251789                               -54.876720906780449
13.755507868383406                               -55.103136535316999
13.756652360515023                               -55.327125773922120
13.757796852646639                               -55.548747754677322
13.758941344778256                               -55.768059386706803
13.760085836909871                               -55.985115469465640
13.761230329041489                               -56.199968798797634
13.762374821173106                               -56.412670266304765
13.763519313304721                               -56.623268952537920
13.764663805436339                               -56.831812214481516
13.765808297567956                               -57.038345767719029
13.766952789699571                               -57.242913763696933
13.768097281831189                               -57.445558862430055
13.769241773962804                               -57.646322300960819
13.770386266094421                               -57.845243957880434
13.771530758226039                               -58.042362414172842
13.772675250357654                               -58.237715010653389
13.773819742489271                               -58.431337902193235
13.774964234620887                               -58.623266109000163
13.776108726752504                               -58.813533565090978
13.777253218884121                               -59.002173164175453
13.778397711015737                               -59.189216803101147
13.779542203147354                               -59.374695423038261
13.780686695278971                               -59.558639048502087
13.781831187410587                               -59.741076824398320
13.782975679542204                               -59.922037051183246
13.784120171673820                               -60.101547218244036
13.785264663805437                               -60.279634035651199
13.786409155937054                               -60.456323464323624
13.787553648068670                               -60.631640744743649
13.788698140200287                               -60.805610424287607
13.789842632331904                               -60.978256383247640
13.790987124463520                               -61.149601859646623
13.792131616595137                               -61.319669472855736
13.793276108726753                               -61.488481246176612
13.794420600858370                               -61.656058628334705
13.795565092989987                               -61.822422514036653
13.796709585121603                               -61.987593263591279
13.797854077253220                               -62.151590721657058
13.798998569384835                               -62.314434235162224
13.800143061516453                               -62.476142670457605
13.801287553648070                               -62.636734429704717
13.802432045779685                               -62.796227466592001
13.803576537911303                               -62.954639301350895
13.804721030042920                               -63.111987035163317
13.805865522174535                               -63.268287363964902
13.807010014306153                               -63.423556591675776
13.808154506437768                               -63.577810642878816
13.809298998569385                               -63.731065075012069
13.810443490701003                               -63.883335090032752
13.811587982832618                               -64.034635545648683
13.812732474964236                               -64.184980966080360
13.813876967095853                               -64.334385552426397
13.815021459227468                               -64.482863192599510
13.816165951359086                               -64.630427470903783
13.817310443490701                               -64.777091677214912
13.818454935622318                               -64.922868815847849
13.819599427753936                               -65.067771614061115
13.820743919885551                               -65.211812530263515
13.821888412017168                               -65.355003761902751
13.823032904148784                               -65.497357253079997
13.824177396280401                               -65.638884701854224
13.825321888412018                               -65.779597567335756
13.826466380543634                               -65.919507076460818
13.827610872675251                               -66.058624230590397
13.828755364806868                               -66.196959811817692
13.829899856938484                               -66.334524389096671
13.831044349070101                               -66.471328324128137
13.832188841201717                               -66.607381777063978
13.833333333333334                               -66.742694711998652
13.834477825464951                               -66.877276902289267
13.835622317596567                               -67.011137935675976
13.836766809728184                               -67.144287219257649
13.837911301859799                               -67.276733984271729
13.839055793991417                               -67.408487290740723
13.840200286123034                               -67.539556031948564
13.841344778254649                               -67.669948938779442
13.842489270386267                               -67.799674583925636
13.843633762517884                               -67.928741385927481
13.844778254649500                               -68.057157613125526
13.845922746781117                               -68.184931387459542
13.847067238912732                               -68.312070688162450
13.848211731044350                               -68.438583355312758
13.849356223175967                               -68.564477093326829
13.850500715307582                               -68.689759474285040
13.851645207439200                               -68.814437941197923
13.852789699570817                               -68.938519811154279
13.853934191702432                               -69.062012278383776
13.855078683834050                               -69.184922417212221
13.856223175965665                               -69.307257184942401
13.857367668097282                               -69.429023424650666
13.858512160228900                               -69.550227867889063
13.859656652360515                               -69.670877137319636
13.860801144492132                               -69.790977749268677
13.861945636623748                               -69.910536116192716
13.863090128755365                               -70.029558549108856
13.864234620886982                               -70.148051259920720
13.865379113018598                               -70.266020363682600
13.866523605150215                               -70.383471880843885
13.867668097281832                               -70.500411739349374
13.868812589413448                               -70.616845776760812
13.869957081545065                               -70.732779742272868
13.871101573676681                               -70.848219298703810
13.872246065808298                               -70.963170024381085
13.873390557939915                               -71.077637415047320
13.874535050071531                               -71.191626885659360
13.875679542203148                               -71.305143772151865
13.876824034334765                               -71.418193333186011
13.877968526466381                               -71.530780751787560
13.879113018597998                               -71.642911137009023
13.880257510729614                               -71.754589525514916
13.881402002861231                               -71.865820883115845
13.882546494992848                               -71.976610106285051
13.883690987124464                               -72.086962023639245
13.884835479256081                               -72.196881397358766
13.885979971387696                               -72.306372924577744
13.887124463519314                               -72.415441238750603
13.888268955650931                               -72.524090910997600
13.889413447782546                               -72.632326451368215
13.890557939914164                               -72.740152310116869
13.891702432045781                               -72.847572878935722
13.892846924177396                               -72.954592492150667
13.893991416309014                               -73.061215427893870
13.895135908440629                               -73.167445909251839
13.896280400572246                               -73.273288105370327
13.897424892703864                               -73.378746132540869
13.898569384835479                               -73.483824055293582
13.899713876967096                               -73.588525887398319
13.900858369098714                               -73.692855592896393
13.902002861230329                               -73.796817087089835
13.903147353361947                               -73.900414237510248
13.904291845493562                               -74.003650864853739
13.905436337625179                               -74.106530743908408
13.906580829756797                               -74.209057604477607
13.907725321888412                               -74.311235132216140
13.908869814020029                               -74.413066969548197
13.910014306151645                               -74.514556716461527
13.911158798283262                               -74.615707931363545
13.912303290414879                               -74.716524131871864
13.913447782546495                               -74.817008795612495
13.914592274678112                               -74.917165360975218
13.915736766809729                               -75.016997227885810
13.916881258941345                               -75.116507758546234
13.918025751072962                               -75.215700278140275
13.919170243204578                               -75.314578075547459
13.920314735336195                               -75.413144404039315
13.921459227467812                               -75.511402481968631
13.922603719599428                               -75.609355493404252
13.923748211731045                               -75.707006588799970
13.924892703862662                               -75.804358885643779
13.926037195994278                               -75.901415469048501
13.927181688125895                               -75.998179392405689
13.928326180257510                               -76.094653677940926
13.929470672389128                               -76.190841317330623
13.930615164520745                               -76.286745272268973
13.931759656652360                               -76.382368475030063
13.932904148783978                               -76.477713829012060
13.934048640915593                               -76.572784209321270
13.935193133047211                               -76.667582463232065
13.936337625178828                               -76.762111410787952
13.937482117310443                               -76.856373845252648
13.938626609442061                               -76.950372533643744
13.939771101573678                               -77.044110217217096
13.940915593705293                               -77.137589611949849
13.942060085836911                               -77.230813409020215
13.943204577968526                               -77.323784275263293
13.944349070100143                               -77.416504853657742
13.945493562231761                               -77.508977763712835
13.946638054363376                               -77.601205601996284
13.947782546494993                               -77.693190942506149
13.948927038626611                               -77.784936337094280
13.950071530758226                               -77.876444315941143
13.951216022889843                               -77.967717387918071
13.952360515021459                               -78.058758040987485
13.953505007153076                               -78.149568742655333
13.954649499284693                               -78.240151940298318
13.955793991416309                               -78.330510061586779
13.956938483547926                               -78.420645514858393
13.958082975679542                               -78.510560689487221
13.959227467811159                               -78.600257956241478
13.960371959942776                               -78.689739667658330
13.961516452074392                               -78.779008158393012
13.962660944206009                               -78.868065745569780
13.963805436337626                               -78.956914729113791
13.964949928469242                               -79.045557392113807
13.966094420600859                               -79.133996001144041
13.967238912732475                               -79.222232806582099
13.968383404864092                               -79.310270042958393
13.969527896995709                               -79.398109929245123
13.970672389127325                               -79.485754669199892
13.971816881258942                               -79.573206451651799
13.972961373390559                               -79.660467450833536
13.974105865522175                               -79.747539826658610
13.975250357653792                               -79.834425725033725
13.976394849785407                               -79.921127278158224
13.977539341917025                               -80.007646604777165
13.978683834048642                               -80.093985810515022
13.979828326180257                               -80.180146988153766
13.980972818311875                               -80.266132217867408
13.982117310443490                               -80.351943567552667
13.983261802575107                               -80.437583093052837
13.984406294706725                               -80.523052838457275
13.985550786838340                               -80.608354836379235
13.986695278969957                               -80.693491108189548
13.987839771101575                               -80.778463664272920
13.988984263233190                               -80.863274504316365
13.990128755364807                               -80.947925617542012
13.991273247496423                               -81.032418982964913
13.992417739628040                               -81.116756569641879
13.993562231759658                               -81.200940336916929
13.994706723891273                               -81.284972234656180
13.995851216022890                               -81.368854203518538
13.996995708154508                               -81.452588175169311
13.998140200286123                               -81.536176072524825
13.999284692417740                               -81.619619809980804
14.000429184549356                               -81.702921293649268
14.001573676680973                               -81.786082421605443
14.002718168812590                               -81.869105084116555
14.003862660944206                               -81.951991163839537
14.005007153075823                               -82.034742536049464
14.006151645207439                               -82.117361068928133
14.007296137339056                               -82.199848623687075
14.008440629470673                               -82.282207054879777
14.009585121602289                               -82.364438210566988
14.010729613733906                               -82.446543932542056
14.011874105865523                               -82.528526056568566
14.013018597997139                               -82.610386412580908
14.014163090128756                               -82.692126824904122
14.015307582260371                               -82.773749112454297
14.016452074391989                               -82.855255088982915
14.017596566523606                               -82.936646563249610
14.018741058655221                               -83.017925339256067
14.019885550786839                               -83.099093216461455
14.021030042918456                               -83.180151989962368
14.022174535050071                               -83.261103450732335
14.023319027181689                               -83.341949385833402
14.024463519313304                               -83.422691578559821
14.025608011444922                               -83.503331808745401
14.026752503576539                               -83.583871852890624
14.027896995708154                               -83.664313484388657
14.029041487839772                               -83.744658473753105
14.030185979971387                               -83.824908588800128
14.031330472103004                               -83.905065594854719
14.032474964234622                               -83.985131254976793
14.033619456366237                               -84.065107330132378
14.034763948497854                               -84.144995579415792
14.035908440629472                               -84.224797760295928
14.037052932761087                               -84.304515628716899
14.038197424892704                               -84.384150939433596
14.039341917024320                               -84.463705446086394
14.040486409155937                               -84.543180901528231
14.041630901287554                               -84.622579057938410
14.042775393419170                               -84.701901667081728
14.043919885550787                               -84.781150480499988
14.045064377682403                               -84.860327249726140
14.046208869814020                               -84.939433726436008
14.047353361945637                               -85.018471662786098
14.048497854077253                               -85.097442811501310
14.049642346208870                               -85.176348926119402
14.050786838340487                               -85.255191761229298
14.051931330472103                               -85.333973072662118
14.053075822603720                               -85.412694617726601
14.054220314735336                               -85.491358155398927
14.055364806866953                               -85.569965446510395
14.056509298998570                               -85.648518254079761
14.057653791130186                               -85.727018343386931
14.058798283261803                               -85.805467482296507
14.059942775393420                               -85.883867441430525
14.061087267525036                               -85.962219994375630
14.062231759656653                               -86.040526918023502
14.063376251788268                               -86.118789992652012
14.064520743919886                               -86.197011002181881
14.065665236051503                               -86.275191734511921
14.066809728183118                               -86.353333981657059
14.067954220314736                               -86.431439539961801
14.069098712446351                               -86.509510210449477
14.070243204577968                               -86.587547798935248
14.071387696709586                               -86.665554116367716
14.072532188841201                               -86.743530978983955
14.073676680972818                               -86.821480208670863
14.074821173104436                               -86.899403633071273
14.075965665236051                               -86.977303085955043
14.077110157367668                               -87.055180407412450
14.078254649499284                               -87.133037444148371
14.079399141630901                               -87.210876049685652
14.080543633762518                               -87.288698084709296
14.081688125894134                               -87.366505417277409
14.082832618025751                               -87.444299923070886
14.083977110157369                               -87.522083485746606
14.085121602288984                               -87.599857997159788
14.086266094420601                               -87.677625357629950
14.087410586552217                               -87.755387476281740
14.088555078683834                               -87.833146271285173
14.089699570815451                               -87.910903670178158
14.090844062947067                               -87.988661610148512
14.091988555078684                               -88.066422038347966
14.093133047210300                               -88.144186912167612
14.094277539341917                               -88.221958199601886
14.095422031473534                               -88.299737879506907
14.096566523605150                               -88.377527941982123
14.097711015736767                               -88.455330388611657
14.098855507868384                               -88.533147232923298
14.100000000000000                               -88.610980500564438
