13.300000000000001                               -73.491592485147365
13.301144492131616                               -73.350372500522980
13.302288984263233                               -73.207923190663735
13.303433476394849                               -73.064235828802680
13.304577968526466                               -72.919301513253984
13.305722460658084                               -72.773111161415201
13.306866952789699                               -72.625655503603952
13.308011444921316                               -72.476925076674533
13.309155937052934                               -72.326910217447846
13.310300429184549                               -72.175601055908189
13.311444921316166                               -72.022987508191079
13.312589413447782                               -71.869059269332922
13.313733905579399                               -71.713805805777980
13.314878397711016                               -71.557216347625058
13.316022889842632                               -71.399279880635447
13.317167381974249                               -71.239985137933971
13.318311874105866                               -71.079320591445907
13.319456366237482                               -70.917274443024411
13.320600858369099                               -70.753834615263543
13.321745350500715                               -70.588988741990676
13.322889842632332                               -70.422724158406226
13.324034334763949                               -70.255027890873137
13.325178826895565                               -70.085886646325463
13.326323319027182                               -69.915286801275840
13.327467811158797                               -69.743214390436393
13.328612303290415                               -69.569655094864700
13.329756795422032                               -69.394594229695130
13.330901287553647                               -69.218016731366205
13.332045779685265                               -69.039907144358807
13.333190271816882                               -68.860249607401556
13.334334763948497                               -68.679027839126675
13.335479256080115                               -68.496225123137876
13.336623748211730                               -68.311824292463285
13.337768240343348                               -68.125807713370193
13.338912732474965                               -67.938157268487103
13.340057224606580                               -67.748854339214120
13.341201716738198                               -67.557879787372030
13.342346208869813                               -67.365213936052712
13.343490701001430                               -67.170836549621697
13.344635193133048                               -66.974726812835158
13.345779685264663                               -66.776863309001087
13.346924177396280                               -66.577223997150398
13.348068669527898                               -66.375786188145668
13.349213161659513                               -66.172526519673980
13.350357653791130                               -65.967420930049400
13.351502145922746                               -65.760444630757149
13.352646638054363                               -65.551572077661262
13.353791130185980                               -65.340776940796999
13.354935622317596                               -65.128032072653994
13.356080114449213                               -64.913309474856788
13.357224606580830                               -64.696580263138074
13.358369098712446                               -64.477814630507396
13.359513590844063                               -64.256981808470883
13.360658082975679                               -64.034050026199282
13.361802575107296                               -63.808986467499658
13.362947067238913                               -63.581757225425797
13.364091559370529                               -63.352327254390708
13.365236051502146                               -63.120660319589270
13.366380543633761                               -62.886718943547194
13.367525035765379                               -62.650464349601300
13.368669527896996                               -62.411856402067599
13.369814020028612                               -62.170853542884423
13.370958512160229                               -61.927412724443805
13.372103004291846                               -61.681489338339887
13.373247496423462                               -61.433037139726167
13.374391988555079                               -61.182008166934395
13.375536480686694                               -60.928352655988746
13.376680972818312                               -60.672018949617922
13.377825464949929                               -60.412953400317519
13.378969957081544                               -60.151100266980350
13.380114449213162                               -59.886401604564419
13.381258941344779                               -59.618797146219968
13.382403433476394                               -59.348224177224360
13.383547925608012                               -59.074617400032650
13.384692417739627                               -58.797908789655573
13.385836909871244                               -58.518027438507744
13.386981402002862                               -58.234899389777098
13.388125894134477                               -57.948447458262251
13.389270386266094                               -57.658591037505516
13.390414878397710                               -57.365245891928723
13.391559370529327                               -57.068323932517643
13.392703862660944                               -56.767732974454439
13.393848354792560                               -56.463376474887767
13.394992846924177                               -56.155153248822749
13.396137339055795                               -55.842957160888467
13.397281831187410                               -55.526676790413632
13.398426323319027                               -55.206195066988720
13.399570815450643                               -54.881388873255325
13.400715307582260                               -54.552128611300361
13.401859799713877                               -54.218277728510472
13.403004291845493                               -53.879692198207806
13.404148783977110                               -53.536219949705512
13.405293276108727                               -53.187700241703908
13.406437768240343                               -52.833962972041419
13.407582260371960                               -52.474827915787550
13.408726752503576                               -52.110103882477993
13.409871244635193                               -51.739587781842424
13.411015736766810                               -51.363063585728270
13.412160228898426                               -50.980301171914164
13.413304721030043                               -50.591055033164153
13.414449213161658                               -50.195062832041053
13.415593705293276                               -49.792043778624006
13.416738197424893                               -49.381696804212815
13.417882689556508                               -48.963698499171748
13.419027181688126                               -48.537700777108370
13.420171673819743                               -48.103328220276360
13.421316165951358                               -47.660175052156426
13.422460658082976                               -47.207801672137435
13.423605150214591                               -46.745730673518452
13.424749642346208                               -46.273442248980842
13.425894134477826                               -45.790368866218287
13.427038626609441                               -45.295889069281976
13.428183118741059                               -44.789320226643937
13.429327610872676                               -44.269910002659557
13.430472103004291                               -43.736826271745493
13.431616595135909                               -43.189145119809851
13.432761087267524                               -42.625836478931546
13.433905579399141                               -42.045746810339921
13.435050071530759                               -41.447578074753721
13.436194563662374                               -40.829861989955418
13.437339055793991                               -40.190928246423418
13.438483547925607                               -39.528864893096326
13.439628040057224                               -38.841468456478111
13.440772532188841                               -38.126180424036306
13.441917024320457                               -37.380005360206816
13.443061516452074                               -36.599403893557479
13.444206008583691                               -35.780150726583393
13.445350500715307                               -34.917143014465466
13.446494992846924                               -34.004136784232458
13.447639484978540                               -33.033376447054906
13.448783977110157                               -31.995061019613939
13.449928469241774                               -30.876552873715013
13.451072961373390                               -29.661165292939842
13.452217453505007                               -28.326230738271299
13.453361945636624                               -26.839876890463540
13.454506437768240                               -25.155337346608881
13.455650929899857                               -23.200212616734952
13.456795422031472                               -20.854522770735080
13.457939914163090                               -17.902110257660087
13.459084406294707                               -13.926621684456364
13.460228898426323                                -8.494184295520922
13.461373390557940                                -7.368537749647990
13.462517882689555                               -12.262379502601505
13.463662374821173                               -15.854750072477348
13.464806866952790                               -18.327173564066307
13.465951359084405                               -20.140273425529386
13.467095851216023                               -21.533796116862089
13.468240343347640                               -22.638692960049820
13.469384835479255                               -23.532776631043646
13.470529327610873                               -24.265613284855924
13.471673819742488                               -24.870531929931193
13.472818311874105                               -25.370906646861414
13.473962804005723                               -25.783677859345847
13.475107296137338                               -26.121441825595483
13.476251788268955                               -26.393750049176788
13.477396280400573                               -26.607949141494135
13.478540772532188                               -26.769741043430649
13.479685264663805                               -26.883566215644098
13.480829756795421                               -26.952870671389494
13.481974248927038                               -26.980294158427228
13.483118741058655                               -26.967802935149500
13.484263233190271                               -26.916782107357879
13.485407725321888                               -26.828097085752695
13.486552217453504                               -26.702130098798285
13.487696709585121                               -26.538795090864223
13.488841201716738                               -26.337532269290339
13.489985693848354                               -26.097281691358106
13.491130185979971                               -25.816433305362491
13.492274678111588                               -25.492748455533615
13.493419170243204                               -25.123244597300804
13.494563662374821                               -24.704030188094798
13.495708154506437                               -24.230069325184537
13.496852646638054                               -23.694843779459298
13.497997138769671                               -23.089860123757916
13.499141630901287                               -22.403915040979182
13.500286123032904                               -21.621969558967187
13.501430615164521                               -20.723366244636409
13.502575107296137                               -19.678896340662419
13.503719599427754                               -18.445768745228047
13.504864091559369                               -16.958627147196651
13.506008583690987                               -15.113273209725872
13.507153075822604                               -12.741088880240952
13.508297567954219                                -9.626831311126985
13.509442060085837                                -6.309990766866055
13.510586552217452                                -7.109954076900462
13.511731044349069                               -11.360526339709683
13.512875536480687                               -15.331684049022114
13.514020028612302                               -18.952143536434157
13.515164520743919                               -22.916265109822412
13.516309012875537                               -27.877626822235399
13.517453505007152                               -21.688711803186433
13.518597997138770                                -8.195890322382766
13.519742489270385                               -12.926109252029438
13.520886981402002                               -17.025999562793192
13.522031473533620                               -19.369287188155518
13.523175965665235                               -21.002366709652868
13.524320457796852                               -22.266291638717423
13.525464949928468                               -23.304766056743933
13.526609442060085                               -24.190164654142173
13.527753934191702                               -24.963711914504437
13.528898426323318                               -25.651084244033150
13.530042918454935                               -26.269389263483834
13.531187410586552                               -26.830637029670839
13.532331902718168                               -27.343615147920293
13.533476394849785                               -27.814971115521825
13.534620886981401                               -28.249872006730470
13.535765379113018                               -28.652425242500229
13.536909871244635                               -29.025957496884061
13.538054363376251                               -29.373205756124705
13.539198855507868                               -29.696451972297847
13.540343347639485                               -29.997620338331203
13.541487839771101                               -30.278349096537141
13.542632331902718                               -30.540044565555895
13.543776824034333                               -30.783922477318729
13.544921316165951                               -31.011040078687980
13.546065808297568                               -31.222321392342462
13.547210300429184                               -31.418577328927149
13.548354792560801                               -31.600521867027215
13.549499284692416                               -31.768785189545842
13.550643776824034                               -31.923924434848345
13.551788268955651                               -32.066432556792080
13.552932761087266                               -32.196745668854867
13.554077253218884                               -32.315249160271541
13.555221745350501                               -32.422282807154005
13.556366237482116                               -32.518145052667393
13.557510729613734                               -32.603096593058957
13.558655221745349                               -32.677363377587042
13.559799713876966                               -32.741139107947589
13.560944206008584                               -32.794587305049262
13.562088698140199                               -32.837842996748670
13.563233190271816                               -32.871014068567632
13.564377682403434                               -32.894182309783815
13.565522174535049                               -32.907404179123525
13.566666666666666                               -32.910711307164213
13.567811158798282                               -32.904110746152725
13.568955650929899                               -32.887584971974412
13.570100143061516                               -32.861091637206790
13.571244635193132                               -32.824563068321794
13.572389127324749                               -32.777905493902686
13.573533619456365                               -32.720997983946909
13.574678111587982                               -32.653691072612169
13.575822603719599                               -32.575805027750626
13.576967095851215                               -32.487127719783601
13.578111587982832                               -32.387412029279346
13.579256080114449                               -32.276372716202310
13.580400572246065                               -32.153682653111353
13.581545064377682                               -32.018968298135349
13.582689556509298                               -31.871804249321158
13.583834048640915                               -31.711706677113991
13.584978540772532                               -31.538125372317992
13.586123032904148                               -31.350434067230477
13.587267525035765                               -31.147918579491837
13.588412017167382                               -30.929762179489401
13.589556509298998                               -30.695027374776306
13.590701001430615                               -30.442633011583219
13.591845493562230                               -30.171325171663526
13.592989985693848                               -29.879639725757642
13.594134477825465                               -29.565853485434129
13.595278969957080                               -29.227919496178096
13.596423462088698                               -28.863379837631754
13.597567954220313                               -28.469245823112928
13.598712446351930                               -28.041829790316619
13.599856938483548                               -27.576503023468774
13.601001430615163                               -27.067337415010535
13.602145922746780                               -26.506557541835861
13.603290414878398                               -25.883670614188084
13.604434907010013                               -25.184022016709726
13.605579399141631                               -24.386265778923828
13.606723891273246                               -23.457636063280685
13.607868383404863                               -22.344352853749374
13.609012875536481                               -20.949967012797298
13.610157367668096                               -19.078894168225300
13.611301859799713                               -16.256073376005652
13.612446351931331                               -11.026665094776718
13.613590844062946                                -9.449334986348891
13.614735336194563                               -20.957490771629324
13.615879828326179                               -30.830908227538899
13.617024320457796                               -31.851775573874889
13.618168812589413                               -26.793792677765694
13.619313304721029                               -23.176273986321966
13.620457796852646                               -20.115591653980577
13.621602288984262                               -17.062049750852687
13.622746781115879                               -13.638138559550901
13.623891273247496                                -9.602577550408295
13.625035765379112                                -6.342519727965992
13.626180257510729                                -7.989963314867872
13.627324749642346                               -11.365751790142529
13.628469241773962                               -14.079977819328526
13.629613733905579                               -16.157828788588631
13.630758226037194                               -17.798707217027800
13.631902718168812                               -19.136296796251045
13.633047210300429                               -20.253923652346334
13.634191702432044                               -21.205084840944366
13.635336194563662                               -22.025566067382361
13.636480686695279                               -22.740222292792396
13.637625178826895                               -23.366870368552306
13.638769670958512                               -23.918613019594567
13.639914163090127                               -24.405281072696397
13.641058655221745                               -24.834360050666028
13.642203147353362                               -25.211603430655952
13.643347639484977                               -25.541448544650159
13.644492131616595                               -25.827303914711734
13.645636623748210                               -26.071750054867238
13.646781115879827                               -26.276680041711987
13.647925608011445                               -26.443396574275425
13.649070100143060                               -26.572676178972241
13.650214592274677                               -26.664807193817069
13.651359084406295                               -26.719605323743565
13.652503576537910                               -26.736408355519735
13.653648068669527                               -26.714049680338622
13.654792560801143                               -26.650808283602171
13.655937052932760                               -26.544330501948629
13.657081545064377                               -26.391515701643019
13.658226037195993                               -26.188353476730953
13.659370529327610                               -25.929692973351489
13.660515021459227                               -25.608913722936851
13.661659513590843                               -25.217448620490114
13.662804005722460                               -24.744077109393750
13.663948497854076                               -24.173847579025335
13.665092989985693                               -23.486375731862928
13.666237482117310                               -22.653040531673714
13.667381974248926                               -21.632119266858432
13.668526466380543                               -20.359807782184745
13.669670958512159                               -18.732400681930514
13.670815450643776                               -16.568264015001354
13.671959942775393                               -13.527809968792209
13.673104434907009                                -9.137399174704884
13.674248927038626                                -6.688002782640328
13.675393419170243                               -11.603940499423347
13.676537911301859                               -16.065483514461121
13.677682403433476                               -19.324788362467466
13.678826895565093                               -21.858754860982259
13.679971387696709                               -23.937117082442715
13.681115879828328                               -25.706939331378660
13.682260371959941                               -27.254823768067663
13.683404864091560                               -28.635534639030269
13.684549356223176                               -29.885748694894282
13.685693848354793                               -31.031179659584947
13.686838340486409                               -32.090533834627799
13.687982832618026                               -33.077838519212598
13.689127324749641                               -34.003881308108255
13.690271816881260                               -34.877137140354513
13.691416309012874                               -35.704386622954985
13.692560801144493                               -36.491140971176982
13.693705293276107                               -37.241941712169805
13.694849785407726                               -37.960576898722252
13.695994277539342                               -38.650240230021325
13.697138769670959                               -39.313650242853143
13.698283261802574                               -39.953141012601947
13.699427753934193                               -40.570732158868388
13.700572246065807                               -41.168183573387580
13.701716738197426                               -41.747038703953891
13.702861230329040                               -42.308659151429552
13.704005722460659                               -42.854252592406034
13.705150214592276                               -43.384895516420706
13.706294706723892                               -43.901551893195659
13.707439198855509                               -44.405088615090172
13.708583690987126                               -44.896288362001314
13.709728183118742                               -45.375860389329070
13.710872675250359                               -45.844449629623014
13.712017167381974                               -46.302644415449791
13.713161659513592                               -46.750983067414793
13.714306151645209                               -47.189959542351978
13.715450643776824                               -47.620028298657971
13.716595135908442                               -48.041608505902332
13.717739628040059                               -48.455087702436060
13.718884120171674                               -48.860824985960662
13.720028612303292                               -49.259153807200661
13.721173104434907                               -49.650384424733005
13.722317596566525                               -50.034806069407878
13.723462088698142                               -50.412688858830791
13.724606580829757                               -50.784285495962891
13.725751072961375                               -51.149832780589939
13.726895565092990                               -51.509552957996398
13.728040057224607                               -51.863654925608706
13.729184549356225                               -52.212335315278807
13.730329041487840                               -52.555779466413782
13.731473533619457                               -52.894162302970614
13.732618025751075                               -53.227649125605147
13.733762517882690                               -53.556396328697382
13.734907010014307                               -53.880552050715309
13.736051502145923                               -54.200256765298775
13.737195994277540                               -54.515643819459058
13.738340486409157                               -54.826839924551287
13.739484978540773                               -55.133965604927766
13.740629470672390                               -55.437135608641164
13.741773962804007                               -55.736459284000787
13.742918454935623                               -56.032040925381388
13.744062947067240                               -56.323980091277690
13.745207439198856                               -56.612371897251741
13.746351931330473                               -56.897307286163148
13.747496423462090                               -57.178873277757425
13.748640915593706                               -57.457153199529436
13.749785407725323                               -57.732226900505630
13.750929899856938                               -58.004170949498032
13.752074391988556                               -58.273058819143586
13.753218884120173                               -58.538961056966883
13.754363376251789                               -58.801945444569846
13.755507868383406                               -59.062077145911431
13.756652360515023                               -59.319418845603337
13.757796852646639                               -59.574030878004571
13.758941344778256                               -59.825971347859209
13.760085836909871                               -60.075296243144500
13.761230329041489                               -60.322059540729811
13.762374821173106                               -60.566313305397912
13.763519313304721                               -60.808107782722985
13.764663805436339                               -61.047491486278638
13.765808297567956                               -61.284511279577004
13.766952789699571                               -61.519212453129029
13.768097281831189                               -61.751638796975797
13.769241773962804                               -61.981832669011538
13.770386266094421                               -62.209835059382527
13.771530758226039                               -62.435685651253209
13.772675250357654                               -62.659422878166481
13.773819742489271                               -62.881083978235218
13.774964234620887                               -63.100705045389283
13.776108726752504                               -63.318321077839087
13.777253218884121                               -63.533966023980597
13.778397711015737                               -63.747672825861216
13.779542203147354                               -63.959473460399813
13.780686695278971                               -64.169398978470085
13.781831187410587                               -64.377479542012509
13.782975679542204                               -64.583744459262562
13.784120171673820                               -64.788222218233528
13.785264663805437                               -64.990940518550445
13.786409155937054                               -65.191926301732394
13.787553648068670                               -65.391205780021352
13.788698140200287                               -65.588804463823820
13.789842632331904                               -65.784747187872171
13.790987124463520                               -65.979058136158386
13.792131616595137                               -66.171760865715626
13.793276108726753                               -66.362878329306497
13.794420600858370                               -66.552432897102165
13.795565092989987                               -66.740446377366354
13.796709585121603                               -66.926940036235919
13.797854077253220                               -67.111934616629469
13.798998569384835                               -67.295450356328757
13.800143061516453                               -67.477507005283201
13.801287553648070                               -67.658123842177545
13.802432045779685                               -67.837319690292418
13.803576537911303                               -68.015112932702905
13.804721030042920                               -68.191521526848391
13.805865522174535                               -68.366563018499704
13.807010014306153                               -68.540254555155627
13.808154506437768                               -68.712612898897746
13.809298998569385                               -68.883654438732293
13.810443490701003                               -69.053395202443227
13.811587982832618                               -69.221850867970076
13.812732474964236                               -69.389036774354864
13.813876967095853                               -69.554967932243855
13.815021459227468                               -69.719659034008444
13.816165951359086                               -69.883124463478666
13.817310443490701                               -70.045378305282625
13.818454935622318                               -70.206434353866712
13.819599427753936                               -70.366306122171537
13.820743919885551                               -70.525006849971632
13.821888412017168                               -70.682549511938618
13.823032904148784                               -70.838946825380532
13.824177396280401                               -70.994211257736481
13.825321888412018                               -71.148355033766137
13.826466380543634                               -71.301390142511408
13.827610872675251                               -71.453328344003026
13.828755364806868                               -71.604181175735974
13.829899856938484                               -71.753959958910585
13.831044349070101                               -71.902675804470647
13.832188841201717                               -72.050339618927993
13.833333333333334                               -72.196962109991290
13.834477825464951                               -72.342553792000217
13.835622317596567                               -72.487124991185865
13.836766809728184                               -72.630685850750751
13.837911301859799                               -72.773246335775482
13.839055793991417                               -72.914816237974406
13.840200286123034                               -73.055405180293249
13.841344778254649                               -73.195022621348613
13.842489270386267                               -73.333677859739069
13.843633762517884                               -73.471380038199982
13.844778254649500                               -73.608138147646272
13.845922746781117                               -73.743961031073795
13.847067238912732                               -73.878857387332317
13.848211731044350                               -74.012835774808551
13.849356223175967                               -74.145904614950709
13.850500715307582                               -74.278072195726480
13.851645207439200                               -74.409346674952872
13.852789699570817                               -74.539736083519699
13.853934191702432                               -74.669248328531495
13.855078683834050                               -74.797891196346271
13.856223175965665                               -74.925672355509704
13.857367668097282                               -75.052599359634712
13.858512160228900                               -75.178679650155672
13.859656652360515                               -75.303920559027290
13.860801144492132                               -75.428329311341741
13.861945636623748                               -75.551913027850304
13.863090128755365                               -75.674678727436969
13.864234620886982                               -75.796633329502015
13.865379113018598                               -75.917783656276640
13.866523605150215                               -76.038136435092085
13.867668097281832                               -76.157698300550123
13.868812589413448                               -76.276475796657209
13.869957081545065                               -76.394475378891599
13.871101573676681                               -76.511703416209841
13.872246065808298                               -76.628166192989070
13.873390557939915                               -76.743869910926577
13.874535050071531                               -76.858820690898810
13.875679542203148                               -76.973024574718664
13.876824034334765                               -77.086487526902502
13.877968526466381                               -77.199215436357136
13.879113018597998                               -77.311214118024637
13.880257510729614                               -77.422489314480259
13.881402002861231                               -77.533046697488317
13.882546494992848                               -77.642891869531255
13.883690987124464                               -77.752030365263025
13.884835479256081                               -77.860467652954213
13.885979971387696                               -77.968209135879661
13.887124463519314                               -78.075260153694288
13.888268955650931                               -78.181625983723507
13.889413447782546                               -78.287311842267002
13.890557939914164                               -78.392322885857823
13.891702432045781                               -78.496664212453410
13.892846924177396                               -78.600340862651137
13.893991416309014                               -78.703357820813380
13.895135908440629                               -78.805720016213883
13.896280400572246                               -78.907432324121643
13.897424892703864                               -79.008499566861929
13.898569384835479                               -79.108926514861011
13.899713876967096                               -79.208717887655538
13.900858369098714                               -79.307878354871079
13.902002861230329                               -79.406412537182007
13.903147353361947                               -79.504325007252660
13.904291845493562                               -79.601620290633207
13.905436337625179                               -79.698302866647666
13.906580829756797                               -79.794377169270462
13.907725321888412                               -79.889847587957263
13.908869814020029                               -79.984718468448392
13.910014306151645                               -80.078994113605177
13.911158798283262                               -80.172678784140373
13.912303290414879                               -80.265776699424848
13.913447782546495                               -80.358292038183393
13.914592274678112                               -80.450228939237121
13.915736766809729                               -80.541591502200561
13.916881258941345                               -80.632383788172177
13.918025751072962                               -80.722609820382004
13.919170243204578                               -80.812273584860620
13.920314735336195                               -80.901379031064920
13.921459227467812                               -80.989930072494914
13.922603719599428                               -81.077930587297942
13.923748211731045                               -81.165384418843473
13.924892703862662                               -81.252295376328902
13.926037195994278                               -81.338667235291922
13.927181688125895                               -81.424503738187454
13.928326180257510                               -81.509808594906985
13.929470672389128                               -81.594585483299113
13.930615164520745                               -81.678838049674951
13.931759656652360                               -81.762569909290747
13.932904148783978                               -81.845784646833550
13.934048640915593                               -81.928485816908662
13.935193133047211                               -82.010676944458282
13.936337625178828                               -82.092361525238886
13.937482117310443                               -82.173543026246591
13.938626609442061                               -82.254224886126337
13.939771101573678                               -82.334410515622977
13.940915593705293                               -82.414103297935895
13.942060085836911                               -82.493306589157385
13.943204577968526                               -82.572023718625971
13.944349070100143                               -82.650257989325524
13.945493562231761                               -82.728012678228225
13.946638054363376                               -82.805291036670155
13.947782546494993                               -82.882096290694562
13.948927038626611                               -82.958431641388131
13.950071530758226                               -83.034300265224786
13.951216022889843                               -83.109705314376754
13.952360515021459                               -83.184649917029688
13.953505007153076                               -83.259137177716639
13.954649499284693                               -83.333170177584890
13.955793991416309                               -83.406751974731534
13.956938483547926                               -83.479885604448384
13.958082975679542                               -83.552574079542708
13.959227467811159                               -83.624820390571145
13.960371959942776                               -83.696627506158379
13.961516452074392                               -83.767998373213885
13.962660944206009                               -83.838935917209398
13.963805436337626                               -83.909443042434887
13.964949928469242                               -83.979522632225752
13.966094420600859                               -84.049177549215969
13.967238912732475                               -84.118410635574349
13.968383404864092                               -84.187224713206007
13.969527896995709                               -84.255622584019648
13.970672389127325                               -84.323607030104100
13.971816881258942                               -84.391180813973023
13.972961373390559                               -84.458346678750559
13.974105865522175                               -84.525107348396119
13.975250357653792                               -84.591465527881894
13.976394849785407                               -84.657423903418646
13.977539341917025                               -84.722985142602866
13.978683834048642                               -84.788151894655698
13.979828326180257                               -84.852926790565505
13.980972818311875                               -84.917312443288807
13.982117310443490                               -84.981311447906364
13.983261802575107                               -85.044926381825249
13.984406294706725                               -85.108159804914351
13.985550786838340                               -85.171014259690963
13.986695278969957                               -85.233492271478255
13.987839771101575                               -85.295596348558547
13.988984263233190                               -85.357328982319274
13.990128755364807                               -85.418692647422176
13.991273247496423                               -85.479689801955061
13.992417739628040                               -85.540322887553501
13.993562231759658                               -85.600594329567613
13.994706723891273                               -85.660506537189832
13.995851216022890                               -85.720061903582831
13.996995708154508                               -85.779262806048280
13.998140200286123                               -85.838111606121061
13.999284692417740                               -85.896610649727108
14.000429184549356                               -85.954762267291343
14.001573676680973                               -86.012568773869418
14.002718168812590                               -86.070032469275461
14.003862660944206                               -86.127155638205124
14.005007153075823                               -86.183940550332153
14.006151645207439                               -86.240389460456385
14.007296137339056                               -86.296504608593594
14.008440629470673                               -86.352288220094394
14.009585121602289                               -86.407742505765498
14.010729613733906                               -86.462869661965357
14.011874105865523                               -86.517671870712078
14.013018597997139                               -86.572151299791102
14.014163090128756                               -86.626310102874953
14.015307582260371                               -86.680150419580357
14.016452074391989                               -86.733674375628624
14.017596566523606                               -86.786884082883603
14.018741058655221                               -86.839781639494845
14.019885550786839                               -86.892369129982669
14.021030042918456                               -86.944648625308304
14.022174535050071                               -86.996622182995353
14.023319027181689                               -87.048291847210280
14.024463519313304                               -87.099659648852111
14.025608011444922                               -87.150727605634032
14.026752503576539                               -87.201497722182424
14.027896995708154                               -87.251971990124844
14.029041487839772                               -87.302152388179081
14.030185979971387                               -87.352040882202601
14.031330472103004                               -87.401639425329236
14.032474964234622                               -87.450949958002866
14.033619456366237                               -87.499974408092896
14.034763948497854                               -87.548714690953574
14.035908440629472                               -87.597172709519327
14.037052932761087                               -87.645350354359550
14.038197424892704                               -87.693249503791776
14.039341917024320                               -87.740872023912885
14.040486409155937                               -87.788219768714271
14.041630901287554                               -87.835294580133763
14.042775393419170                               -87.882098288147787
14.043919885550787                               -87.928632710822257
14.045064377682403                               -87.974899654389574
14.046208869814020                               -88.020900913352662
14.047353361945637                               -88.066638270500007
14.048497854077253                               -88.112113497029654
14.049642346208870                               -88.157328352574041
14.050786838340487                               -88.202284585311332
14.051931330472103                               -88.246983931999097
14.053075822603720                               -88.291428118051698
14.054220314735336                               -88.335618857630578
14.055364806866953                               -88.379557853671272
14.056509298998570                               -88.423246797969938
14.057653791130186                               -88.466687371254949
14.058798283261803                               -88.509881243252991
14.059942775393420                               -88.552830072724348
14.061087267525036                               -88.595535507563710
14.062231759656653                               -88.637999184834925
14.063376251788268                               -88.680222730866575
14.064520743919886                               -88.722207761269019
14.065665236051503                               -88.763955881029688
14.066809728183118                               -88.805468684580177
14.067954220314736                               -88.846747755817077
14.069098712446351                               -88.887794668219470
14.070243204577968                               -88.928610984849200
14.071387696709586                               -88.969198258457268
14.072532188841201                               -89.009558031514842
14.073676680972818                               -89.049691836304191
14.074821173104436                               -89.089601194928434
14.075965665236051                               -89.129287619423536
14.077110157367668                               -89.168752611768568
14.078254649499284                               -89.207997663982297
14.079399141630901                               -89.247024258154838
14.080543633762518                               -89.285833866518459
14.081688125894134                               -89.324427951492027
14.082832618025751                               -89.362807965759544
14.083977110157369                               -89.400975352294523
14.085121602288984                               -89.438931544448010
14.086266094420601                               -89.476677965967241
14.087410586552217                               -89.514216031096680
14.088555078683834                               -89.551547144591822
14.089699570815451                               -89.588672701806530
14.090844062947067                               -89.625594088713072
14.091988555078684                               -89.662312681974541
14.093133047210300                               -89.698829849020996
14.094277539341917                               -89.735146948055458
14.095422031473534                               -89.771265328153078
14.096566523605150                               -89.807186329271133
14.097711015736767                               -89.842911282345824
14.098855507868384                               -89.878441509311884
14.100000000000000                               -89.913778323170476
