13.300000000000001                               -63.667073037233301
13.301144492131616                               -63.583056237742497
13.302288984263233                               -63.498627716703851
13.303433476394849                               -63.413781491628825
13.304577968526466                               -63.328511468637330
13.305722460658084                               -63.242811439145271
13.306866952789699                               -63.156675076437907
13.308011444921316                               -63.070095932113475
13.309155937052934                               -62.983067432399473
13.310300429184549                               -62.895582874328213
13.311444921316166                               -62.807635421771963
13.312589413447782                               -62.719218101325595
13.313733905579399                               -62.630323798032293
13.314878397711016                               -62.540945250945022
13.316022889842632                               -62.451075048514404
13.317167381974249                               -62.360705623796051
13.318311874105866                               -62.269829249465936
13.319456366237482                               -62.178438032639065
13.320600858369099                               -62.086523909475687
13.321745350500715                               -61.994078639570311
13.322889842632332                               -61.901093800106537
13.324034334763949                               -61.807560779772821
13.325178826895565                               -61.713470772419655
13.326323319027182                               -61.618814770449248
13.327467811158797                               -61.523583557923331
13.328612303290415                               -61.427767703372069
13.329756795422032                               -61.331357552290285
13.330901287553647                               -61.234343219303319
13.332045779685265                               -61.136714579984528
13.333190271816882                               -61.038461262304800
13.334334763948497                               -60.939572637697253
13.335479256080115                               -60.840037811708136
13.336623748211730                               -60.739845614219931
13.337768240343348                               -60.638984589215454
13.338912732474965                               -60.537442984058536
13.340057224606580                               -60.435208738265793
13.341201716738198                               -60.332269471734975
13.342346208869813                               -60.228612472402816
13.343490701001430                               -60.124224683294109
13.344635193133048                               -60.019092688928033
13.345779685264663                               -59.913202701041882
13.346924177396280                               -59.806540543588440
13.348068669527898                               -59.699091636966529
13.349213161659513                               -59.590840981429849
13.350357653791130                               -59.481773139628196
13.351502145922746                               -59.371872218221711
13.352646638054363                               -59.261121848508864
13.353791130185980                               -59.149505166005397
13.354935622317596                               -59.037004788900660
13.356080114449213                               -58.923602795320981
13.357224606580830                               -58.809280699315416
13.358369098712446                               -58.694019425477968
13.359513590844063                               -58.577799282112288
13.360658082975679                               -58.460599932835166
13.361802575107296                               -58.342400366509068
13.362947067238913                               -58.223178865384739
13.364091559370529                               -58.102912971320812
13.365236051502146                               -57.981579449943290
13.366380543633761                               -57.859154252587459
13.367525035765379                               -57.735612475859064
13.368669527896996                               -57.610928318629206
13.369814020028612                               -57.485075036269762
13.370958512160229                               -57.358024891908528
13.372103004291846                               -57.229749104470983
13.373247496423462                               -57.100217793250451
13.374391988555079                               -56.969399918724470
13.375536480686694                               -56.837263219306024
13.376680972818312                               -56.703774143694190
13.377825464949929                               -56.568897778447742
13.378969957081544                               -56.432597770373533
13.380114449213162                               -56.294836243279811
13.381258941344779                               -56.155573708592634
13.382403433476394                               -56.014768969290444
13.383547925608012                               -55.872379016548294
13.384692417739627                               -55.728358918416745
13.385836909871244                               -55.582661699794393
13.386981402002862                               -55.435238212862600
13.388125894134477                               -55.286036997065146
13.389270386266094                               -55.135004127605171
13.390414878397710                               -54.982083051319080
13.391559370529327                               -54.827214408646469
13.392703862660944                               -54.670335840269601
13.393848354792560                               -54.511381776816251
13.394992846924177                               -54.350283209825548
13.396137339055795                               -54.186967441951623
13.397281831187410                               -54.021357814115831
13.398426323319027                               -53.853373407027732
13.399570815450643                               -53.682928714149753
13.400715307582260                               -53.509933282786548
13.401859799713877                               -53.334291319526031
13.403004291845493                               -53.155901255734513
13.404148783977110                               -52.974655268186282
13.405293276108727                               -52.790438749203844
13.406437768240343                               -52.603129719844802
13.407582260371960                               -52.412598178693898
13.408726752503576                               -52.218705377669394
13.409871244635193                               -52.021303014894535
13.411015736766810                               -51.820232333082068
13.412160228898426                               -51.615323109970284
13.413304721030043                               -51.406392525078616
13.414449213161658                               -51.193243884326726
13.415593705293276                               -50.975665180802167
13.416738197424893                               -50.753427466012006
13.417882689556508                               -50.526283001185142
13.419027181688126                               -50.293963152377650
13.420171673819743                               -50.056175986024869
13.421316165951358                               -49.812603512847751
13.422460658082976                               -49.562898517226692
13.423605150214591                               -49.306680895725066
13.424749642346208                               -49.043533411685587
13.425894134477826                               -48.772996751704525
13.427038626609441                               -48.494563743070870
13.428183118741059                               -48.207672557170184
13.429327610872676                               -47.911698680063125
13.430472103004291                               -47.605945374719184
13.431616595135909                               -47.289632285310901
13.432761087267524                               -46.961881736298835
13.433905579399141                               -46.621702149058002
13.435050071530759                               -46.267967823959367
13.436194563662374                               -45.899394097990147
13.437339055793991                               -45.514506560537015
13.438483547925607                               -45.111602553083713
13.439628040057224                               -44.688702531954867
13.440772532188841                               -44.243487943639046
13.441917024320457                               -43.773220902768230
13.443061516452074                               -43.274638936902107
13.444206008583691                               -42.743814979801833
13.445350500715307                               -42.175967995322601
13.446494992846924                               -41.565201945981343
13.447639484978540                               -40.904138209881005
13.448783977110157                               -40.183385123130257
13.449928469241774                               -39.390750540824421
13.451072961373390                               -38.510033785054269
13.452217453505007                               -37.519098991316653
13.453361945636624                               -36.386657055461505
13.454506437768240                               -35.066583224605083
13.455650929899857                               -33.487186184256963
13.456795422031472                               -31.529270250491056
13.457939914163090                               -28.977549515403961
13.459084406294707                               -25.416643147443402
13.460228898426323                               -20.413768110316333
13.461373390557940                               -19.733890597378366
13.462517882689555                               -25.091095573938720
13.463662374821173                               -29.166001219937673
13.464806866952790                               -32.141936316719224
13.465951359084405                               -34.481601836018072
13.467095851216023                               -36.427152744043944
13.468240343347640                               -38.112354398357468
13.469384835479255                               -39.618335877653500
13.470529327610873                               -40.998609749614843
13.471673819742488                               -42.291252454066139
13.472818311874105                               -43.525419859777941
13.473962804005723                               -44.725193579896683
13.475107296137338                               -45.912134072775288
13.476251788268955                               -47.107259501835692
13.477396280400573                               -48.332913298650539
13.478540772532188                               -49.614937549930083
13.479685264663805                               -50.985702525178397
13.480829756795421                               -52.488951915163824
13.481974248927038                               -54.188441855100919
13.483118741058655                               -56.184961611245193
13.484263233190271                               -58.653492811415802
13.485407725321888                               -61.931437629326751
13.486552217453504                               -66.665488239206425
13.487696709585121                               -71.166520949168785
13.488841201716738                               -66.460587674071803
13.489985693848354                               -61.683106745205805
13.491130185979971                               -58.345912175464008
13.492274678111588                               -55.808045507738306
13.493419170243204                               -53.737086428744014
13.494563662374821                               -51.960144598704474
13.495708154506437                               -50.377217131375915
13.496852646638054                               -48.924612769476632
13.497997138769671                               -47.558074082560012
13.499141630901287                               -46.244052354231719
13.500286123032904                               -44.954572061814901
13.501430615164521                               -43.663620480215982
13.502575107296137                               -42.343880255157146
13.503719599427754                               -40.962783559771154
13.504864091559369                               -39.476528643919373
13.506008583690987                               -37.820106019992480
13.507153075822604                               -35.894559353767406
13.508297567954219                               -33.611095745249990
13.509442060085837                               -31.739055002778716
13.510586552217452                               -34.848453669109588
13.511731044349069                               -39.952397465186749
13.512875536480687                               -37.937659756423542
13.514020028612302                               -34.247218043170420
13.515164520743919                               -30.575461690770830
13.516309012875537                               -26.368959443573399
13.517453505007152                               -20.449947967387075
13.518597997138770                               -11.121117190751328
13.519742489270385                               -18.091639618174025
13.520886981402002                               -23.507230114109380
13.522031473533620                               -26.691048739223060
13.523175965665235                               -28.890545093324647
13.524320457796852                               -30.549322272335555
13.525464949928468                               -31.868901632178126
13.526609442060085                               -32.956759061225036
13.527753934191702                               -33.876660515667353
13.528898426323318                               -34.669407836767952
13.530042918454935                               -35.362621150689762
13.531187410586552                               -35.975830025228362
13.532331902718168                               -36.523330767963856
13.533476394849785                               -37.015888540434879
13.534620886981401                               -37.461801546593847
13.535765379113018                               -37.867593544882510
13.536909871244635                               -38.238479930159592
13.538054363376251                               -38.578690565623752
13.539198855507868                               -38.891699007101515
13.540343347639485                               -39.180388817123372
13.541487839771101                               -39.447176546506803
13.542632331902718                               -39.694104212585650
13.543776824034333                               -39.922909885129144
13.544921316165951                               -40.135082284724170
13.546065808297568                               -40.331903521028856
13.547210300429184                               -40.514482906207746
13.548354792560801                               -40.683783963935468
13.549499284692416                               -40.840646187527014
13.550643776824034                               -40.985802700201084
13.551788268955651                               -41.119894683243757
13.552932761087266                               -41.243483229069788
13.554077253218884                               -41.357059122498327
13.555221745350501                               -41.461050939076728
13.556366237482116                               -41.555831763021907
13.557510729613734                               -41.641724761618121
13.558655221745349                               -41.719007802266511
13.559799713876966                               -41.787917258908834
13.560944206008584                               -41.848651123409127
13.562088698140199                               -41.901371512560644
13.563233190271816                               -41.946206641148279
13.564377682403434                               -41.983252314731310
13.565522174535049                               -42.012572981610589
13.566666666666666                               -42.034202371075871
13.567811158798282                               -42.048143733892864
13.568955650929899                               -42.054369690578099
13.570100143061516                               -42.052821682860767
13.571244635193132                               -42.043409013403057
13.572389127324749                               -42.026007447895225
13.573533619456365                               -42.000457341566161
13.574678111587982                               -41.966561238391733
13.575822603719599                               -41.924080875169743
13.576967095851215                               -41.872733503312702
13.578111587982832                               -41.812187417623903
13.579256080114449                               -41.742056552067993
13.580400572246065                               -41.661893965776684
13.581545064377682                               -41.571183995767036
13.582689556509298                               -41.469332792725304
13.583834048640915                               -41.355656878098600
13.584978540772532                               -41.229369258186175
13.586123032904148                               -41.089562494885669
13.587267525035765                               -40.935187950255603
13.588412017167382                               -40.765030174425874
13.589556509298998                               -40.577675066135484
13.590701001430615                               -40.371469961421589
13.591845493562230                               -40.144473136652358
13.592989985693848                               -39.894389251439762
13.594134477825465                               -39.618485853945607
13.595278969957080                               -39.313483982412976
13.596423462088698                               -38.975412720377321
13.597567954220313                               -38.599412616394865
13.598712446351930                               -38.179464967226551
13.599856938483548                               -37.708010920459238
13.601001430615163                               -37.175402097128021
13.602145922746780                               -36.569084923435256
13.603290414878398                               -35.872347400927396
13.604434907010013                               -35.062312839391822
13.605579399141631                               -34.106562985376222
13.606723891273246                               -32.957088005914443
13.607868383404863                               -31.538546690680032
13.609012875536481                               -29.722953473420763
13.610157367668096                               -27.266585006333059
13.611301859799713                               -23.616675859862198
13.612446351931331                               -17.183153137037166
13.613590844062946                               -13.763777510697695
13.614735336194563                               -22.221690691602070
13.615879828326179                               -26.960805258741679
13.617024320457796                               -30.054775986104296
13.618168812589413                               -32.260046843935719
13.619313304721029                               -33.840969278586243
13.620457796852646                               -34.868515120085121
13.621602288984262                               -35.290799546057912
13.622746781115879                               -34.940954345087405
13.623891273247496                               -33.656420040136553
13.625035765379112                               -32.825044562348126
13.626180257510729                               -36.524411000030142
13.627324749642346                               -41.487855715880748
13.628469241773962                               -45.242329808032039
13.629613733905579                               -47.783272799487051
13.630758226037194                               -49.362662000435819
13.631902718168812                               -50.230967476481894
13.633047210300429                               -50.605757979245539
13.634191702432044                               -50.655428017605317
13.635336194563662                               -50.498607857370345
13.636480686695279                               -50.213852523502219
13.637625178826895                               -49.851298805884639
13.638769670958512                               -49.442233011512755
13.639914163090127                               -49.005834008256954
13.641058655221745                               -48.553604219717855
13.642203147353362                               -48.092189570205939
13.643347639484977                               -47.625150411050242
13.644492131616595                               -47.154068654590844
13.645636623748210                               -46.679238701918649
13.646781115879827                               -46.200096927912178
13.647925608011445                               -45.715485387128460
13.649070100143060                               -45.223808609328572
13.650214592274677                               -44.723119533562333
13.651359084406295                               -44.211156338243747
13.652503576537910                               -43.685342743081122
13.653648068669527                               -43.142758151433860
13.654792560801143                               -42.580079393530220
13.655937052932760                               -41.993491857002645
13.657081545064377                               -41.378563647401208
13.658226037195993                               -40.730071248154090
13.659370529327610                               -40.041757776000544
13.660515021459227                               -39.305993469767643
13.661659513590843                               -38.513289161248288
13.662804005722460                               -37.651580817082774
13.663948497854076                               -36.705144136207529
13.665092989985693                               -35.652885910999586
13.666237482117310                               -34.465533702121206
13.667381974248926                               -33.100765294878080
13.668526466380543                               -31.494223924302688
13.669670958512159                               -29.541694009055846
13.670815450643776                               -27.061069846565580
13.671959942775393                               -23.712326746956744
13.673104434907009                               -19.021420220666617
13.674248927038626                               -16.278945489847363
13.675393419170243                               -20.908871095054451
13.676537911301859                               -25.091142625871537
13.677682403433476                               -28.077612612854274
13.678826895565093                               -30.344896743326743
13.679971387696709                               -32.162463392920948
13.681115879828328                               -33.677128083370086
13.682260371959941                               -34.975259740480524
13.683404864091560                               -36.111403692491777
13.684549356223176                               -37.122030972591141
13.685693848354793                               -38.032661776369821
13.686838340486409                               -38.861820146878671
13.687982832618026                               -39.623361558194695
13.689127324749641                               -40.327911451070044
13.690271816881260                               -40.983791586009602
13.691416309012874                               -41.597637731323040
13.692560801144493                               -42.174824021801136
13.693705293276107                               -42.719762129454978
13.694849785407726                               -43.236116988413301
13.695994277539342                               -43.726965466658555
13.697138769670959                               -44.194915144279122
13.698283261802574                               -44.642194634250131
13.699427753934193                               -45.070723237553516
13.700572246065807                               -45.482165347628140
13.701716738197426                               -45.877973435432573
13.702861230329040                               -46.259422370039005
13.704005722460659                               -46.627637085342769
13.705150214592276                               -46.983615080053120
13.706294706723892                               -47.328244864822452
13.707439198855509                               -47.662321200263577
13.708583690987126                               -47.986557771805479
13.709728183118742                               -48.301597800800550
13.710872675250359                               -48.608022981449707
13.712017167381974                               -48.906361050099250
13.713161659513592                               -49.197092229966856
13.714306151645209                               -49.480654745506683
13.715450643776824                               -49.757449562649626
13.716595135908442                               -50.027844481396116
13.717739628040059                               -50.292177683858171
13.718884120171674                               -50.550760822170233
13.720028612303292                               -50.803881715886519
13.721173104434907                               -51.051806716468413
13.722317596566525                               -51.294782786851663
13.723462088698142                               -51.533039336182924
13.724606580829757                               -51.766789843413079
13.725751072961375                               -51.996233298171887
13.726895565092990                               -52.221555482954756
13.728040057224607                               -52.442930117097227
13.729184549356225                               -52.660519879961768
13.730329041487840                               -52.874477328290432
13.731473533619457                               -53.084945720532836
13.732618025751075                               -53.292059759225893
13.733762517882690                               -53.495946260965653
13.734907010014307                               -53.696724762255599
13.736051502145923                               -53.894508068447564
13.737195994277540                               -54.089402752029734
13.738340486409157                               -54.281509605771021
13.739484978540773                               -54.470924055509201
13.740629470672390                               -54.657736536820927
13.741773962804007                               -54.842032839278133
13.742918454935623                               -55.023894421574511
13.744062947067240                               -55.203398700427314
13.745207439198856                               -55.380619315808808
13.746351931330473                               -55.555626374809286
13.747496423462090                               -55.728486676137585
13.748640915593706                               -55.899263917090707
13.749785407725323                               -56.068018884585598
13.750929899856938                               -56.234809631719848
13.752074391988556                               -56.399691641133998
13.753218884120173                               -56.562717976353227
13.754363376251789                               -56.723939422147716
13.755507868383406                               -56.883404614845986
13.756652360515023                               -57.041160163463154
13.757796852646639                               -57.197250762392329
13.758941344778256                               -57.351719296369630
13.760085836909871                               -57.504606938321899
13.761230329041489                               -57.655953240685747
13.762374821173106                               -57.805796220695839
13.763519313304721                               -57.954172440123187
13.764663805436339                               -58.101117079890997
13.765808297567956                               -58.246664009949932
13.766952789699571                               -58.390845854779101
13.768097281831189                               -58.533694054826604
13.769241773962804                               -58.675238924198553
13.770386266094421                               -58.815509704857320
13.771530758226039                               -58.954534617588266
13.772675250357654                               -59.092340909957095
13.773819742489271                               -59.228954901470260
13.774964234620887                               -59.364402026135693
13.776108726752504                               -59.498706872593033
13.777253218884121                               -59.631893221988477
13.778397711015737                               -59.763984083733924
13.779542203147354                               -59.895001729301242
13.780686695278971                               -60.024967724168832
13.781831187410587                               -60.153902958052697
13.782975679542204                               -60.281827673519956
13.784120171673820                               -60.408761493094374
13.785264663805437                               -60.534723444948277
13.786409155937054                               -60.659731987264067
13.787553648068670                               -60.783805031354220
13.788698140200287                               -60.906959963605161
13.789842632331904                               -61.029213666329397
13.790987124463520                               -61.150582537576661
13.792131616595137                               -61.271082509975507
13.793276108726753                               -61.390729068659873
13.794420600858370                               -61.509537268329453
13.795565092989987                               -61.627521749499977
13.796709585121603                               -61.744696753983412
13.797854077253220                               -61.861076139646499
13.798998569384835                               -61.976673394483306
13.800143061516453                               -62.091501650044052
13.801287553648070                               -62.205573694252088
13.802432045779685                               -62.318901983643286
13.803576537911303                               -62.431498655060238
13.804721030042920                               -62.543375536827583
13.805865522174535                               -62.654544159439894
13.807010014306153                               -62.765015765781001
13.808154506437768                               -62.874801320909086
13.809298998569385                               -62.983911521417397
13.810443490701003                               -63.092356804405583
13.811587982832618                               -63.200147356069614
13.812732474964236                               -63.307293119935785
13.813876967095853                               -63.413803804757585
13.815021459227468                               -63.519688892085931
13.816165951359086                               -63.624957643535545
13.817310443490701                               -63.729619107757131
13.818454935622318                               -63.833682127132704
13.819599427753936                               -63.937155344205252
13.820743919885551                               -64.040047207857512
13.821888412017168                               -64.142365979249277
13.823032904148784                               -64.244119737523860
13.824177396280401                               -64.345316385301160
13.825321888412018                               -64.445963653955246
13.826466380543634                               -64.546069108699868
13.827610872675251                               -64.645640153477061
13.828755364806868                               -64.744684035670957
13.829899856938484                               -64.843207850642671
13.831044349070101                               -64.941218546101837
13.832188841201717                               -65.038722926320091
13.833333333333334                               -65.135727656191676
13.834477825464951                               -65.232239265149360
13.835622317596567                               -65.328264150941834
13.836766809728184                               -65.423808583277690
13.837911301859799                               -65.518878707342523
13.839055793991417                               -65.613480547193902
13.840200286123034                               -65.707620009039417
13.841344778254649                               -65.801302884401537
13.842489270386267                               -65.894534853178783
13.843633762517884                               -65.987321486597097
13.844778254649500                               -66.079668250070952
13.845922746781117                               -66.171580505960904
13.847067238912732                               -66.263063516247456
13.848211731044350                               -66.354122445110903
13.849356223175967                               -66.444762361432794
13.850500715307582                               -66.534988241213370
13.851645207439200                               -66.624804969910542
13.852789699570817                               -66.714217344708430
13.853934191702432                               -66.803230076709127
13.855078683834050                               -66.891847793059412
13.856223175965665                               -66.980075039008710
13.857367668097282                               -67.067916279904097
13.858512160228900                               -67.155375903123399
13.859656652360515                               -67.242458219949540
13.860801144492132                               -67.329167467387506
13.861945636623748                               -67.415507809925415
13.863090128755365                               -67.501483341245446
13.864234620886982                               -67.587098085880029
13.865379113018598                               -67.672356000822390
13.866523605150215                               -67.757260977085849
13.867668097281832                               -67.841816841222013
13.868812589413448                               -67.926027356790101
13.869957081545065                               -68.009896225787358
13.871101573676681                               -68.093427090035661
13.872246065808298                               -68.176623532530755
13.873390557939915                               -68.259489078752324
13.874535050071531                               -68.342027197935082
13.875679542203148                               -68.424241304307884
13.876824034334765                               -68.506134758295417
13.877968526466381                               -68.587710867687733
13.879113018597998                               -68.668972888777418
13.880257510729614                               -68.749924027464402
13.881402002861231                               -68.830567440333752
13.882546494992848                               -68.910906235700210
13.883690987124464                               -68.990943474628196
13.884835479256081                               -69.070682171920936
13.885979971387696                               -69.150125297088266
13.887124463519314                               -69.229275775282517
13.888268955650931                               -69.308136488215283
13.889413447782546                               -69.386710275047946
13.890557939914164                               -69.464999933256834
13.891702432045781                               -69.543008219480541
13.892846924177396                               -69.620737850342294
13.893991416309014                               -69.698191503251763
13.895135908440629                               -69.775371817187292
13.896280400572246                               -69.852281393456693
13.897424892703864                               -69.928922796441640
13.898569384835479                               -70.005298554319893
13.899713876967096                               -70.081411159774106
13.900858369098714                               -70.157263070676848
13.902002861230329                               -70.232856710764651
13.903147353361947                               -70.308194470292605
13.904291845493562                               -70.383278706674062
13.905436337625179                               -70.458111745102173
13.906580829756797                               -70.532695879162105
13.907725321888412                               -70.607033371421025
13.908869814020029                               -70.681126454011462
13.910014306151645                               -70.754977329195214
13.911158798283262                               -70.828588169916458
13.912303290414879                               -70.901961120342250
13.913447782546495                               -70.975098296387984
13.914592274678112                               -71.048001786234209
13.915736766809729                               -71.120673650827783
13.916881258941345                               -71.193115924374396
13.918025751072962                               -71.265330614816975
13.919170243204578                               -71.337319704307035
13.920314735336195                               -71.409085149661507
13.921459227467812                               -71.480628882810564
13.922603719599428                               -71.551952811236788
13.923748211731045                               -71.623058818402882
13.924892703862662                               -71.693948764169647
13.926037195994278                               -71.764624485206213
13.927181688125895                               -71.835087795390521
13.928326180257510                               -71.905340486200771
13.929470672389128                               -71.975384327096464
13.930615164520745                               -72.045221065896669
13.931759656652360                               -72.114852429144051
13.932904148783978                               -72.184280122464543
13.934048640915593                               -72.253505830916936
13.935193133047211                               -72.322531219339552
13.936337625178828                               -72.391357932682766
13.937482117310443                               -72.459987596340667
13.938626609442061                               -72.528421816472587
13.939771101573678                               -72.596662180317850
13.940915593705293                               -72.664710256504890
13.942060085836911                               -72.732567595355221
13.943204577968526                               -72.800235729177530
13.944349070100143                               -72.867716172558090
13.945493562231761                               -72.935010422647537
13.946638054363376                               -73.002119959435163
13.947782546494993                               -73.069046246024726
13.948927038626611                               -73.135790728901313
13.950071530758226                               -73.202354838190956
13.951216022889843                               -73.268739987920682
13.952360515021459                               -73.334947576266558
13.953505007153076                               -73.400978985803306
13.954649499284693                               -73.466835583742750
13.955793991416309                               -73.532518722174785
13.956938483547926                               -73.598029738294414
13.958082975679542                               -73.663369954633765
13.959227467811159                               -73.728540679284094
13.960371959942776                               -73.793543206113327
13.961516452074392                               -73.858378814983169
13.962660944206009                               -73.923048771957070
13.963805436337626                               -73.987554329509265
13.964949928469242                               -74.051896726725246
13.966094420600859                               -74.116077189502974
13.967238912732475                               -74.180096930745975
13.968383404864092                               -74.243957150554877
13.969527896995709                               -74.307659036416837
13.970672389127325                               -74.371203763387371
13.971816881258942                               -74.434592494273403
13.972961373390559                               -74.497826379810448
13.974105865522175                               -74.560906558835015
13.975250357653792                               -74.623834158457868
13.976394849785407                               -74.686610294231954
13.977539341917025                               -74.749236070314879
13.978683834048642                               -74.811712579633621
13.979828326180257                               -74.874040904042189
13.980972818311875                               -74.936222114477232
13.982117310443490                               -74.998257271112891
13.983261802575107                               -75.060147423509463
13.984406294706725                               -75.121893610763166
13.985550786838340                               -75.183496861650084
13.986695278969957                               -75.244958194770234
13.987839771101575                               -75.306278618685425
13.988984263233190                               -75.367459132059992
13.990128755364807                               -75.428500723793718
13.991273247496423                               -75.489404373155921
13.992417739628040                               -75.550171049917239
13.993562231759658                               -75.610801714474846
13.994706723891273                               -75.671297317982891
13.995851216022890                               -75.731658802472012
13.996995708154508                               -75.791887100976084
13.998140200286123                               -75.851983137648375
13.999284692417740                               -75.911947827881363
14.000429184549356                               -75.971782078421128
14.001573676680973                               -76.031486787483104
14.002718168812590                               -76.091062844862748
14.003862660944206                               -76.150511132046077
14.005007153075823                               -76.209832522318450
14.006151645207439                               -76.269027880870183
14.007296137339056                               -76.328098064901795
14.008440629470673                               -76.387043923727731
14.009585121602289                               -76.445866298876169
14.010729613733906                               -76.504566024189870
14.011874105865523                               -76.563143925924649
14.013018597997139                               -76.621600822843945
14.014163090128756                               -76.679937526315683
14.015307582260371                               -76.738154840406025
14.016452074391989                               -76.796253561968555
14.017596566523606                               -76.854234480737418
14.018741058655221                               -76.912098379415113
14.019885550786839                               -76.969846033759552
14.021030042918456                               -77.027478212672364
14.022174535050071                               -77.084995678281146
14.023319027181689                               -77.142399186024562
14.024463519313304                               -77.199689484734392
14.025608011444922                               -77.256867316715955
14.026752503576539                               -77.313933417827542
14.027896995708154                               -77.370888517560431
14.029041487839772                               -77.427733339112919
14.030185979971387                               -77.484468599471285
14.031330472103004                               -77.541095009479221
14.032474964234622                               -77.597613273914433
14.033619456366237                               -77.654024091561780
14.034763948497854                               -77.710328155282980
14.035908440629472                               -77.766526152087351
14.037052932761087                               -77.822618763203280
14.038197424892704                               -77.878606664142723
14.039341917024320                               -77.934490524772229
14.040486409155937                               -77.990271009376286
14.041630901287554                               -78.045948776724032
14.042775393419170                               -78.101524480133975
14.043919885550787                               -78.156998767535796
14.045064377682403                               -78.212372281534456
14.046208869814020                               -78.267645659470332
14.047353361945637                               -78.322819533480015
14.048497854077253                               -78.377894530557015
14.049642346208870                               -78.432871272608963
14.050786838340487                               -78.487750376517681
14.051931330472103                               -78.542532454194586
14.053075822603720                               -78.597218112636199
14.054220314735336                               -78.651807953982939
14.055364806866953                               -78.706302575571897
14.056509298998570                               -78.760702569988453
14.057653791130186                               -78.815008525123190
14.058798283261803                               -78.869221024222583
14.059942775393420                               -78.923340645941437
14.061087267525036                               -78.977367964391647
14.062231759656653                               -79.031303549194661
14.063376251788268                               -79.085147965530552
14.064520743919886                               -79.138901774185470
14.065665236051503                               -79.192565531601858
14.066809728183118                               -79.246139789923419
14.067954220314736                               -79.299625097044782
14.069098712446351                               -79.353021996654789
14.070243204577968                               -79.406331028283390
14.071387696709586                               -79.459552727346846
14.072532188841201                               -79.512687625191234
14.073676680972818                               -79.565736249136378
14.074821173104436                               -79.618699122519430
14.075965665236051                               -79.671576764734851
14.077110157367668                               -79.724369691280060
14.078254649499284                               -79.777078413794939
14.079399141630901                               -79.829703440100943
14.080543633762518                               -79.882245274243999
14.081688125894134                               -79.934704416532597
14.082832618025751                               -79.987081363577843
14.083977110157369                               -80.039376608331096
14.085121602288984                               -80.091590640122263
14.086266094420601                               -80.143723944698877
14.087410586552217                               -80.195777004260279
14.088555078683834                               -80.247750297497319
14.089699570815451                               -80.299644299626337
14.090844062947067                               -80.351459482425426
14.091988555078684                               -80.403196314269508
14.093133047210300                               -80.454855260165658
14.094277539341917                               -80.506436781786761
14.095422031473534                               -80.557941337506293
14.096566523605150                               -80.609369382428326
14.097711015736767                               -80.660721368426806
14.098855507868384                               -80.711997744169565
14.100000000000000                               -80.763198955159808
