13.300000000000001                               -73.446629012365662
13.301144492131616                               -73.356570006844322
13.302288984263233                               -73.265597109888688
13.303433476394849                               -73.173701539158799
13.304577968526466                               -73.080874353990041
13.305722460658084                               -72.987106450734785
13.306866952789699                               -72.892388557957261
13.308011444921316                               -72.796711231419408
13.309155937052934                               -72.700064848905569
13.310300429184549                               -72.602439604837087
13.311444921316166                               -72.503825504683562
13.312589413447782                               -72.404212359167147
13.313733905579399                               -72.303589778241616
13.314878397711016                               -72.201947164840121
13.316022889842632                               -72.099273708366013
13.317167381974249                               -71.995558377959327
13.318311874105866                               -71.890789915466115
13.319456366237482                               -71.784956828144260
13.320600858369099                               -71.678047381080177
13.321745350500715                               -71.570049589289454
13.322889842632332                               -71.460951209502639
13.324034334763949                               -71.350739731623548
13.325178826895565                               -71.239402369819786
13.326323319027182                               -71.126926053254422
13.327467811158797                               -71.013297416424720
13.328612303290415                               -70.898502789104782
13.329756795422032                               -70.782528185841898
13.330901287553647                               -70.665359295018646
13.332045779685265                               -70.546981467436481
13.333190271816882                               -70.427379704401602
13.334334763948497                               -70.306538645296101
13.335479256080115                               -70.184442554579945
13.336623748211730                               -70.061075308229888
13.337768240343348                               -69.936420379557688
13.338912732474965                               -69.810460824388883
13.340057224606580                               -69.683179265553463
13.341201716738198                               -69.554557876661733
13.342346208869813                               -69.424578365125086
13.343490701001430                               -69.293221954372029
13.344635193133048                               -69.160469365200413
13.345779685264663                               -69.026300796270775
13.346924177396280                               -68.890695903609313
13.348068669527898                               -68.753633779123788
13.349213161659513                               -68.615092928053599
13.350357653791130                               -68.475051245294026
13.351502145922746                               -68.333485990501131
13.352646638054363                               -68.190373761944571
13.353791130185980                               -68.045690468997620
13.354935622317596                               -67.899411303188970
13.356080114449213                               -67.751510707723128
13.357224606580830                               -67.601962345374815
13.358369098712446                               -67.450739064646086
13.359513590844063                               -67.297812864074643
13.360658082975679                               -67.143154854565083
13.361802575107296                               -66.986735219609102
13.362947067238913                               -66.828523173271265
13.364091559370529                               -66.668486915741610
13.365236051502146                               -66.506593586332684
13.366380543633761                               -66.342809213704641
13.367525035765379                               -66.177098663136874
13.368669527896996                               -66.009425580621709
13.369814020028612                               -65.839752333564945
13.370958512160229                               -65.668039947801191
13.372103004291846                               -65.494248040690067
13.373247496423462                               -65.318334749955525
13.374391988555079                               -65.140256657975385
13.375536480686694                               -64.959968711112452
13.376680972818312                               -64.777424133744518
13.377825464949929                               -64.592574336518396
13.378969957081544                               -64.405368818397832
13.380114449213162                               -64.215755061938623
13.381258941344779                               -64.023678421265913
13.382403433476394                               -63.829082002094061
13.383547925608012                               -63.631906533100931
13.384692417739627                               -63.432090227929415
13.385836909871244                               -63.229568636911225
13.386981402002862                               -63.024274487627395
13.388125894134477                               -62.816137513252102
13.389270386266094                               -62.605084267531552
13.390414878397710                               -62.391037925118923
13.391559370529327                               -62.173918065843274
13.392703862660944                               -61.953640441326485
13.393848354792560                               -61.730116722165747
13.394992846924177                               -61.503254223695691
13.396137339055795                               -61.272955608104141
13.397281831187410                               -61.039118560385297
13.398426323319027                               -60.801635435311155
13.399570815450643                               -60.560392872229293
13.400715307582260                               -60.315271374081469
13.401859799713877                               -60.066144846551815
13.403004291845493                               -59.812880092696062
13.404148783977110                               -59.555336257769042
13.405293276108727                               -59.293364218180216
13.406437768240343                               -59.026805907692307
13.407582260371960                               -58.755493572871551
13.408726752503576                               -58.479248948691911
13.409871244635193                               -58.197882343690182
13.411015736766810                               -57.911191622460166
13.412160228898426                               -57.618961071273141
13.413304721030043                               -57.320960130255457
13.414449213161658                               -57.016941972749926
13.415593705293276                               -56.706641909114133
13.416738197424893                               -56.389775588158145
13.417882689556508                               -56.066036964491857
13.419027181688126                               -55.735095994152985
13.420171673819743                               -55.396596013516728
13.421316165951358                               -55.050150747653809
13.422460658082976                               -54.695340883214726
13.423605150214591                               -54.331710127287487
13.424749642346208                               -53.958760656602095
13.425894134477826                               -53.575947840005718
13.427038626609441                               -53.182674090065589
13.428183118741059                               -52.778281665083398
13.429327610872676                               -52.362044198568746
13.430472103004291                               -51.933156675826837
13.431616595135909                               -51.490723502641330
13.432761087267524                               -51.033744212510619
13.433905579399141                               -50.561096227974105
13.435050071530759                               -50.071513915705822
13.436194563662374                               -49.563562935846164
13.437339055793991                               -49.035608557155811
13.438483547925607                               -48.485776150829281
13.439628040057224                               -47.911901427120036
13.440772532188841                               -47.311467046711478
13.441917024320457                               -46.681520876323745
13.443061516452074                               -46.018569128375930
13.444206008583691                               -45.318434537679749
13.445350500715307                               -44.576064923118217
13.446494992846924                               -43.785269807685971
13.447639484978540                               -42.938350151747798
13.448783977110157                               -42.025564817937251
13.449928469241774                               -41.034339589690504
13.451072961373390                               -39.948055025451012
13.452217453505007                               -38.744115054210823
13.453361945636624                               -37.390723384480211
13.454506437768240                               -35.841194609117920
13.455650929899857                               -34.023215657655243
13.456795422031472                               -31.816898953155079
13.457939914163090                               -29.006185803464017
13.459084406294707                               -25.174828822932000
13.460228898426323                               -19.889069135374950
13.461373390557940                               -18.912768987379330
13.462517882689555                               -23.958758043087265
13.463662374821173                               -27.706219696592534
13.464806866952790                               -30.336832842063295
13.465951359084405                               -32.311388993331690
13.467095851216023                               -33.869817547097043
13.468240343347640                               -35.143269470376680
13.469384835479255                               -36.209775919961693
13.470529327610873                               -37.119142841654728
13.471673819742488                               -37.904963234424251
13.472818311874105                               -38.590902759763019
13.473962804005723                               -39.194225010056286
13.475107296137338                               -39.727885736684151
13.476251788268955                               -40.201837903764364
13.477396280400573                               -40.623878311477164
13.478540772532188                               -41.000215967138587
13.479685264663805                               -41.335865162239898
13.480829756795421                               -41.634924582544919
13.481974248927038                               -41.900780352241121
13.483118741058655                               -42.136257244680223
13.484263233190271                               -42.343734080208776
13.485407725321888                               -42.525234298455388
13.486552217453504                               -42.682499596337415
13.487696709585121                               -42.817052680044284
13.488841201716738                               -42.930254226594762
13.489985693848354                               -43.023358934065989
13.491130185979971                               -43.097576072356532
13.492274678111588                               -43.154141423256746
13.493419170243204                               -43.194410374248648
13.494563662374821                               -43.219987100155059
13.495708154506437                               -43.232913942088970
13.496852646638054                               -43.235961574434739
13.497997138769671                               -43.233090827691846
13.499141630901287                               -43.230214093605909
13.500286123032904                               -43.236494017205942
13.501430615164521                               -43.266627960688083
13.502575107296137                               -43.344936698907475
13.503719599427754                               -43.512396825671978
13.504864091559369                               -43.834838988989006
13.506008583690987                               -44.371590930342599
13.507153075822604                               -44.678189689842291
13.508297567954219                               -41.489832456295261
13.509442060085837                               -34.032128669514805
13.510586552217452                               -30.325488427316202
13.511731044349069                               -30.451497120762738
13.512875536480687                               -30.386754099491430
13.514020028612302                               -29.611281740752517
13.515164520743919                               -28.065783262223647
13.516309012875537                               -25.461330566570098
13.517453505007152                               -20.830706708875525
13.518597997138770                               -12.593268132741592
13.519742489270385                               -20.524879339307521
13.520886981402002                               -26.811820368085044
13.522031473533620                               -30.803471932077230
13.523175965665235                               -33.765161915340641
13.524320457796852                               -36.153304267351288
13.525464949928468                               -38.179038428311223
13.526609442060085                               -39.957397366500494
13.527753934191702                               -41.558360817182333
13.528898426323318                               -43.028079800812961
13.530042918454935                               -44.398996862420113
13.531187410586552                               -45.695192339307852
13.532331902718168                               -46.935450889659634
13.533476394849785                               -48.135152646718133
13.534620886981401                               -49.307526807662477
13.535765379113018                               -50.464553523977330
13.536909871244635                               -51.617681812053391
13.538054363376251                               -52.778476546462585
13.539198855507868                               -53.959288314463592
13.540343347639485                               -55.174046993906359
13.541487839771101                               -56.439316877574797
13.542632331902718                               -57.775836689784128
13.543776824034333                               -59.210950685773788
13.544921316165951                               -60.782741165593428
13.546065808297568                               -62.547638063299061
13.547210300429184                               -64.595858492563849
13.548354792560801                               -67.087051282079614
13.549499284692416                               -70.349720861053967
13.550643776824034                               -75.262830291242011
13.551788268955651                               -86.408447623347016
13.552932761087266                               -82.753204108301176
13.554077253218884                               -74.520119646058831
13.555221745350501                               -70.474734588144528
13.556366237482116                               -67.791328327369655
13.557510729613734                               -65.786810669233930
13.558655221745349                               -64.187136401710035
13.559799713876966                               -62.854582439699236
13.560944206008584                               -61.710110324690561
13.562088698140199                               -60.704153759607252
13.563233190271816                               -59.803577371200092
13.564377682403434                               -58.985128173715069
13.565522174535049                               -58.231849934558880
13.566666666666666                               -57.530984429631644
13.567811158798282                               -56.872675916919960
13.568955650929899                               -56.249135842795468
13.570100143061516                               -55.654084285959222
13.571244635193132                               -55.082364623978222
13.572389127324749                               -54.529670362017477
13.573533619456365                               -53.992346703777308
13.574678111587982                               -53.467243156782956
13.575822603719599                               -52.951601701697832
13.576967095851215                               -52.442970156055310
13.578111587982832                               -51.939133604106409
13.579256080114449                               -51.438058869030726
13.580400572246065                               -50.937848392975013
13.581545064377682                               -50.436700816269280
13.582689556509298                               -49.932876163317118
13.583834048640915                               -49.424663943586296
13.584978540772532                               -48.910352719373250
13.586123032904148                               -48.388199810829903
13.587267525035765                               -47.856399818634692
13.588412017167382                               -47.313050546895454
13.589556509298998                               -46.756114690022351
13.590701001430615                               -46.183375277479215
13.591845493562230                               -45.592382296066624
13.592989985693848                               -44.980387042937167
13.594134477825465                               -44.344259460715108
13.595278969957080                               -43.680381734626522
13.596423462088698                               -42.984508399460950
13.597567954220313                               -42.251578443866961
13.598712446351930                               -41.475457236564694
13.599856938483548                               -40.648573397716248
13.601001430615163                               -39.761393961886803
13.602145922746780                               -38.801642349834104
13.603290414878398                               -37.753091195341057
13.604434907010013                               -36.593619323682816
13.605579399141631                               -35.291922264990362
13.606723891273246                               -33.801584028406054
13.607868383404863                               -32.049508910712987
13.609012875536481                               -29.910853497250773
13.610157367668096                               -27.146288347070939
13.611301859799713                               -23.209217650090871
13.612446351931331                               -16.518303041532498
13.613590844062946                               -12.883819202955316
13.614735336194563                               -21.187135345422512
13.615879828326179                               -25.859257431639570
13.617024320457796                               -29.015161460140142
13.618168812589413                               -31.476303109308471
13.619313304721029                               -33.612892745338542
13.620457796852646                               -35.671945015254039
13.621602288984262                               -37.863020343364255
13.622746781115879                               -39.867119424723477
13.623891273247496                               -37.708880850555957
13.625035765379112                               -31.837655157100116
13.626180257510729                               -30.993982192798306
13.627324749642346                               -32.570895859914401
13.628469241773962                               -33.957503787829680
13.629613733905579                               -35.012141491022518
13.630758226037194                               -35.834177893377529
13.631902718168812                               -36.496298706387421
13.633047210300429                               -37.042961247940724
13.634191702432044                               -37.501807649163737
13.635336194563662                               -37.890769283179615
13.636480686695279                               -38.221972078963077
13.637625178826895                               -38.503907925545910
13.638769670958512                               -38.742687266667851
13.639914163090127                               -38.942791032005971
13.641058655221745                               -39.107538806528062
13.642203147353362                               -39.239389450038018
13.643347639484977                               -39.340138726021841
13.644492131616595                               -39.411051048200527
13.645636623748210                               -39.452947300855044
13.646781115879827                               -39.466261992479012
13.647925608011445                               -39.451077797386418
13.649070100143060                               -39.407142265089455
13.650214592274677                               -39.333869273378752
13.651359084406295                               -39.230326166812198
13.652503576537910                               -39.095206136597355
13.653648068669527                               -38.926784020044387
13.654792560801143                               -38.722852102287113
13.655937052932760                               -38.480630422008268
13.657081545064377                               -38.196643136899453
13.658226037195993                               -37.866548094104132
13.659370529327610                               -37.484899865586911
13.660515021459227                               -37.044815363926567
13.661659513590843                               -36.537492466861238
13.662804005722460                               -35.951499549104831
13.663948497854076                               -35.271694799044042
13.665092989985693                               -34.477521974695179
13.666237482117310                               -33.540204128640823
13.667381974248926                               -32.417876770082906
13.668526466380543                               -31.046606463841094
13.669670958512159                               -29.322569625790543
13.670815450643776                               -27.064023989549035
13.671959942775393                               -23.931282241068146
13.673104434907009                               -19.450613394544849
13.674248927038626                               -16.912904084986568
13.675393419170243                               -21.742395963237779
13.676537911301859                               -26.119287745881103
13.677682403433476                               -29.295668813238201
13.678826895565093                               -31.748376544434439
13.679971387696709                               -33.747086862231498
13.681115879828328                               -35.438809831229030
13.682260371959941                               -36.910096940952307
13.683404864091560                               -38.215665031528737
13.684549356223176                               -39.392146438443511
13.685693848354793                               -40.465213216565644
13.686838340486409                               -41.453532523921922
13.687982832618026                               -42.371094842992072
13.689127324749641                               -43.228653099117750
13.690271816881260                               -44.034649546773451
13.691416309012874                               -44.795833946026193
13.692560801144493                               -45.517688369128983
13.693705293276107                               -46.204726782513291
13.694849785407726                               -46.860711149713559
13.695994277539342                               -47.488810450973624
13.697138769670959                               -48.091719781975854
13.698283261802574                               -48.671750970180661
13.699427753934193                               -49.230902502822815
13.700572246065807                               -49.770914183547646
13.701716738197426                               -50.293310350798578
13.702861230329040                               -50.799434414477346
13.704005722460659                               -51.290476722964478
13.705150214592276                               -51.767497248971296
13.706294706723892                               -52.231444209301259
13.707439198855509                               -52.683169463359782
13.708583690987126                               -53.123441337345852
13.709728183118742                               -53.552955374450242
13.710872675250359                               -53.972343401433200
13.712017167381974                               -54.382181218883488
13.713161659513592                               -54.782995158899496
13.714306151645209                               -55.175267705010725
13.715450643776824                               -55.559442331147572
13.716595135908442                               -55.935927686644703
13.717739628040059                               -56.305101230856984
13.718884120171674                               -56.667312402225903
13.720028612303292                               -57.022885391822555
13.721173104434907                               -57.372121579319980
13.722317596566525                               -57.715301679733066
13.723462088698142                               -58.052687641303955
13.724606580829757                               -58.384524328520079
13.725751072961375                               -58.711041018928462
13.726895565092990                               -59.032452738038799
13.728040057224607                               -59.348961452985151
13.729184549356225                               -59.660757142599309
13.730329041487840                               -59.968018759014043
13.731473533619457                               -60.270915093797157
13.732618025751075                               -60.569605559839921
13.733762517882690                               -60.864240898700345
13.734907010014307                               -61.154963821808977
13.736051502145923                               -61.441909592893978
13.737195994277540                               -61.725206557993999
13.738340486409157                               -62.004976628672672
13.739484978540773                               -62.281335723332099
13.740629470672390                               -62.554394170951397
13.741773962804007                               -62.824257081048749
13.742918454935623                               -63.091024683230572
13.744062947067240                               -63.354792639308137
13.745207439198856                               -63.615652330607844
13.746351931330473                               -63.873691122850147
13.747496423462090                               -64.128992610649760
13.748640915593706                               -64.381636843547540
13.749785407725323                               -64.631700535203493
13.750929899856938                               -64.879257257279406
13.752074391988556                               -65.124377619324690
13.753218884120173                               -65.367129435891528
13.754363376251789                               -65.607577881965597
13.755507868383406                               -65.845785637664747
13.756652360515023                               -66.081813023138295
13.757796852646639                               -66.315718124412953
13.758941344778256                               -66.547556910959500
13.760085836909871                               -66.777383345594345
13.761230329041489                               -67.005249487359933
13.762374821173106                               -67.231205587872921
13.763519313304721                               -67.455300181684748
13.764663805436339                               -67.677580171084813
13.765808297567956                               -67.898090905742180
13.766952789699571                               -68.116876257605014
13.768097281831189                               -68.333978691352627
13.769241773962804                               -68.549439330758531
13.770386266094421                               -68.763298021230980
13.771530758226039                               -68.975593388799894
13.772675250357654                               -69.186362895806468
13.773819742489271                               -69.395642893505723
13.774964234620887                               -69.603468671804109
13.776108726752504                               -69.809874506301611
13.777253218884121                               -70.014893702859808
13.778397711015737                               -70.218558639789251
13.779542203147354                               -70.420900807886341
13.780686695278971                               -70.621950848388749
13.781831187410587                               -70.821738589037807
13.782975679542204                               -71.020293078322950
13.784120171673820                               -71.217642618039008
13.785264663805437                               -71.413814794276774
13.786409155937054                               -71.608836506894605
13.787553648068670                               -71.802733997629872
13.788698140200287                               -71.995532876857396
13.789842632331904                               -72.187258149142792
13.790987124463520                               -72.377934237608088
13.792131616595137                               -72.567585007213381
13.793276108726753                               -72.756233787008270
13.794420600858370                               -72.943903391392695
13.795565092989987                               -73.130616140480441
13.796709585121603                               -73.316393879574690
13.797854077253220                               -73.501257997851297
13.798998569384835                               -73.685229446245231
13.800143061516453                               -73.868328754617707
13.801287553648070                               -74.050576048239535
13.802432045779685                               -74.231991063619162
13.803576537911303                               -74.412593163706902
13.804721030042920                               -74.592401352531041
13.805865522174535                               -74.771434289275831
13.807010014306153                               -74.949710301833989
13.808154506437768                               -75.127247399883444
13.809298998569385                               -75.304063287471209
13.810443490701003                               -75.480175375187187
13.811587982832618                               -75.655600791898507
13.812732474964236                               -75.830356396088916
13.813876967095853                               -76.004458786853093
13.815021459227468                               -76.177924314484486
13.816165951359086                               -76.350769090794245
13.817310443490701                               -76.523008999057922
13.818454935622318                               -76.694659703698548
13.819599427753936                               -76.865736659668968
13.820743919885551                               -77.036255121581988
13.821888412017168                               -77.206230152580844
13.823032904148784                               -77.375676632968208
13.824177396280401                               -77.544609268632840
13.825321888412018                               -77.713042599233518
13.826466380543634                               -77.880991006222558
13.827610872675251                               -78.048468720655094
13.828755364806868                               -78.215489830834827
13.829899856938484                               -78.382068289805900
13.831044349070101                               -78.548217922692075
13.832188841201717                               -78.713952433861152
13.833333333333334                               -78.879285414022334
13.834477825464951                               -79.044230347136377
13.835622317596567                               -79.208800617265339
13.836766809728184                               -79.373009515289894
13.837911301859799                               -79.536870245541550
13.839055793991417                               -79.700395932360863
13.840200286123034                               -79.863599626554972
13.841344778254649                               -80.026494311818155
13.842489270386267                               -80.189092911079328
13.843633762517884                               -80.351408292783915
13.844778254649500                               -80.513453277163734
13.845922746781117                               -80.675240642449666
13.847067238912732                               -80.836783131061608
13.848211731044350                               -80.998093455780918
13.849356223175967                               -81.159184305938311
13.850500715307582                               -81.320068353528143
13.851645207439200                               -81.480758259417954
13.852789699570817                               -81.641266679492475
13.853934191702432                               -81.801606270886623
13.855078683834050                               -81.961789698172097
13.856223175965665                               -82.121829639667368
13.857367668097282                               -82.281738793704434
13.858512160228900                               -82.441529885031400
13.859656652360515                               -82.601215671202198
13.860801144492132                               -82.760808949105936
13.861945636623748                               -82.920322561528963
13.863090128755365                               -83.079769403802160
13.864234620886982                               -83.239162430620837
13.865379113018598                               -83.398514662844775
13.866523605150215                               -83.557839194549587
13.867668097281832                               -83.717149200112402
13.868812589413448                               -83.876457941482258
13.869957081545065                               -84.035778775583253
13.871101573676681                               -84.195125161899540
13.872246065808298                               -84.354510670189896
13.873390557939915                               -84.513948988449229
13.874535050071531                               -84.673453931013682
13.875679542203148                               -84.833039446920964
13.876824034334765                               -84.992719628459838
13.877968526466381                               -85.152508719995765
13.879113018597998                               -85.312421127036245
13.880257510729614                               -85.472471425551149
13.881402002861231                               -85.632674371632987
13.882546494992848                               -85.793044911425810
13.883690987124464                               -85.953598191398214
13.884835479256081                               -86.114349568925775
13.885979971387696                               -86.275314623335731
13.887124463519314                               -86.436509167237034
13.888268955650931                               -86.597949258340194
13.889413447782546                               -86.759651211661279
13.890557939914164                               -86.921631612260782
13.891702432045781                               -87.083907328401665
13.892846924177396                               -87.246495525291152
13.893991416309014                               -87.409413679349925
13.895135908440629                               -87.572679593089305
13.896280400572246                               -87.736311410577414
13.897424892703864                               -87.900327633629644
13.898569384835479                               -88.064747138646766
13.899713876967096                               -88.229589194263696
13.900858369098714                               -88.394873479689096
13.902002861230329                               -88.560620104028587
13.903147353361947                               -88.726849626391953
13.904291845493562                               -88.893583077013261
13.905436337625179                               -89.060841979347344
13.906580829756797                               -89.228648373274439
13.907725321888412                               -89.397024839465317
13.908869814020029                               -89.565994524923042
13.910014306151645                               -89.735581169867928
13.911158798283262                               -89.905809135975062
13.912303290414879                               -90.076703436167364
13.913447782546495                               -90.248289765873352
13.914592274678112                               -90.420594536111878
13.915736766809729                               -90.593644908282641
13.916881258941345                               -90.767468830871962
13.918025751072962                               -90.942095078363479
13.919170243204578                               -91.117553292194145
13.920314735336195                               -91.293874024186309
13.921459227467812                               -91.471088782468513
13.922603719599428                               -91.649230080195423
13.923748211731045                               -91.828331487063423
13.924892703862662                               -92.008427684149453
13.926037195994278                               -92.189554521986693
13.927181688125895                               -92.371749082383459
13.928326180257510                               -92.555049744103513
13.929470672389128                               -92.739496252877530
13.930615164520745                               -92.925129795861380
13.931759656652360                               -93.111993081183840
13.932904148783978                               -93.300130422734483
13.934048640915593                               -93.489587830806698
13.935193133047211                               -93.680413108982577
13.936337625178828                               -93.872655957865504
13.937482117310443                               -94.066368086217480
13.938626609442061                               -94.261603330104506
13.939771101573678                               -94.458417780832605
13.940915593705293                               -94.656869922471273
13.942060085836911                               -94.857020779811677
13.943204577968526                               -95.058934077589498
13.944349070100143                               -95.262676412412702
13.945493562231761                               -95.468317438182723
13.946638054363376                               -95.675930066579269
13.947782546494993                               -95.885590684071857
13.948927038626611                               -96.097379387034692
13.950071530758226                               -96.311380236883025
13.951216022889843                               -96.527681537337372
13.952360515021459                               -96.746376136042187
13.953505007153076                               -96.967561753329292
13.954649499284693                               -97.191341341078385
13.955793991416309                               -97.417823474826349
13.956938483547926                               -97.647122783156860
13.958082975679542                               -97.879360418793198
13.959227467811159                               -98.114664575880028
13.960371959942776                               -98.353171059587964
13.961516452074392                               -98.595023913972312
13.962660944206009                               -98.840376116110988
13.963805436337626                               -99.089390344064554
13.964949928469242                               -99.342239829476455
13.966094420600859                               -99.599109305207890
13.967238912732475                               -99.860196061843368
13.968383404864092                              -100.125711127812735
13.969527896995709                              -100.395880591323433
13.970672389127325                              -100.670947084808432
13.971816881258942                              -100.951171456644616
13.972961373390559                              -101.236834659142986
13.974105865522175                              -101.528239887288805
13.975250357653792                              -101.825715009273310
13.976394849785407                              -102.129615338058827
13.977539341917025                              -102.440326802647576
13.978683834048642                              -102.758269591398886
13.979828326180257                              -103.083902352110229
13.980972818311875                              -103.417727057214478
13.982117310443490                              -103.760294661611937
13.983261802575107                              -104.112211715443962
13.984406294706725                              -104.474148130922529
13.985550786838340                              -104.846846353940180
13.986695278969957                              -105.231132256621663
13.987839771101575                              -105.627928153755150
13.988984263233190                              -106.038268459558537
13.990128755364807                              -106.463318654995618
13.991273247496423                              -106.904398442808144
13.992417739628040                              -107.363010249878471
13.993562231759658                              -107.840874631353074
13.994706723891273                              -108.339974682974230
13.995851216022890                              -108.862612358553449
13.996995708154508                              -109.411480739479160
13.998140200286123                              -109.989757999116875
13.999284692417740                              -110.601231376670341
14.000429184549356                              -111.250463439372538
14.001573676680973                              -111.943019199846319
14.002718168812590                              -112.685782914770002
14.003862660944206                              -113.487410667581770
14.005007153075823                              -114.358995059314665
14.006151645207439                              -115.315073492240302
14.007296137339056                              -116.375217435876834
14.008440629470673                              -117.566655912897957
14.009585121602289                              -118.928859405280093
14.010729613733906                              -120.522143600391900
14.011874105865523                              -122.445393608333305
14.013018597997139                              -124.877477771930359
14.014163090128756                              -128.192945094825262
14.015307582260371                              -133.378165556675782
14.016452074391989                              -142.314887645174053
14.017596566523606                              -135.369310765043878
14.018741058655221                              -129.461681132660800
14.019885550786839                              -125.915573436774991
14.021030042918456                              -123.413405994505197
14.022174535050071                              -121.488602836158634
14.023319027181689                              -119.928955259059393
14.024463519313304                              -118.620777807576999
14.025608011444922                              -117.496217091850042
14.026752503576539                              -116.511569410497628
14.027896995708154                              -115.637048455291335
14.029041487839772                              -114.851448201789381
14.030185979971387                              -114.139138459271564
14.031330472103004                              -113.488268804431542
14.032474964234622                              -112.889641428276079
14.033619456366237                              -112.335974804475399
14.034763948497854                              -111.821406177058904
14.035908440629472                              -111.341145610770567
14.037052932761087                              -110.891229396638636
14.038197424892704                              -110.468340439737659
14.039341917024320                              -110.069674926981435
14.040486409155937                              -109.692841668780858
14.041630901287554                              -109.335784957707816
14.042775393419170                              -108.996724645650403
14.043919885550787                              -108.674109026219057
14.045064377682403                              -108.366577372947447
14.046208869814020                              -108.072929853209260
14.047353361945637                              -107.792103141302277
14.048497854077253                              -107.523150482070022
14.049642346208870                              -107.265225266128269
14.050786838340487                              -107.017567398320779
14.051931330472103                              -106.779491909248890
14.053075822603720                              -106.550379380579329
14.054220314735336                              -106.329667848341259
14.055364806866953                              -106.116845918834898
14.056509298998570                              -105.911446885244260
14.057653791130186                              -105.713043675607935
14.058798283261803                              -105.521244494959859
14.059942775393420                              -105.335689050250494
14.061087267525036                              -105.156045267029370
14.062231759656653                              -104.982006422827808
14.063376251788268                              -104.813288635555310
14.064520743919886                              -104.649628655205532
14.065665236051503                              -104.490781916218936
14.066809728183118                              -104.336520814292939
14.067954220314736                              -104.186633177084857
14.069098712446351                              -104.040920903683372
14.070243204577968                              -103.899198750635264
14.071387696709586                              -103.761293245994452
14.072532188841201                              -103.627041715786845
14.073676680972818                              -103.496291408792416
14.074821173104436                              -103.368898708446082
14.075965665236051                              -103.244728421262209
14.077110157367668                              -103.123653133241589
14.078254649499284                              -103.005552626556380
14.079399141630901                              -102.890313349865892
14.080543633762518                              -102.777827936517468
14.081688125894134                              -102.667994765279815
14.082832618025751                              -102.560717559686822
14.083977110157369                              -102.455905021388233
14.085121602288984                              -102.353470494473186
14.086266094420601                              -102.253331657806569
14.087410586552217                              -102.155410241964034
14.088555078683834                              -102.059631769363818
14.089699570815451                              -101.965925314566391
14.090844062947067                              -101.874223283365083
14.091988555078684                              -101.784461208652289
14.093133047210300                              -101.696577561764258
14.094277539341917                              -101.610513577783678
14.095422031473534                              -101.526213093616121
14.096566523605150                              -101.443622397709490
14.097711015736767                              -101.362690090618187
14.098855507868384                              -101.283366955035234
14.100000000000000                              -101.205605835114227
