13.300000000000001                               -78.753404277057143
13.301144492131616                               -78.729848790239899
13.302288984263233                               -78.705615354871824
13.303433476394849                               -78.680690275548372
13.304577968526466                               -78.655059507097931
13.305722460658084                               -78.628708645055994
13.306866952789699                               -78.601622915872383
13.308011444921316                               -78.573787166840020
13.309155937052934                               -78.545185855742119
13.310300429184549                               -78.515803040204162
13.311444921316166                               -78.485622366747393
13.312589413447782                               -78.454627059533053
13.313733905579399                               -78.422799908787425
13.314878397711016                               -78.390123258902506
13.316022889842632                               -78.356578996197612
13.317167381974249                               -78.322148536336584
13.318311874105866                               -78.286812811389296
13.319456366237482                               -78.250552256526404
13.320600858369099                               -78.213346796336324
13.321745350500715                               -78.175175830756388
13.322889842632332                               -78.136018220598629
13.324034334763949                               -78.095852272671692
13.325178826895565                               -78.054655724474728
13.326323319027182                               -78.012405728449068
13.327467811158797                               -77.969078835785425
13.328612303290415                               -77.924650979765417
13.329756795422032                               -77.879097458620322
13.330901287553647                               -77.832392917891127
13.332045779685265                               -77.784511332285206
13.333190271816882                               -77.735425986994329
13.334334763948497                               -77.685109458469498
13.335479256080115                               -77.633533594629085
13.336623748211730                               -77.580669494477519
13.337768240343348                               -77.526487487115944
13.338912732474965                               -77.470957110119784
13.340057224606580                               -77.414047087266312
13.341201716738198                               -77.355725305567859
13.342346208869813                               -77.295958791610289
13.343490701001430                               -77.234713687142232
13.344635193133048                               -77.171955223893235
13.345779685264663                               -77.107647697594871
13.346924177396280                               -77.041754441151028
13.348068669527898                               -76.974237796935398
13.349213161659513                               -76.905059088159518
13.350357653791130                               -76.834178589275425
13.351502145922746                               -76.761555495358849
13.352646638054363                               -76.687147890416696
13.353791130185980                               -76.610912714573800
13.354935622317596                               -76.532805730051308
13.356080114449213                               -76.452781485893567
13.357224606580830                               -76.370793281353968
13.358369098712446                               -76.286793127858701
13.359513590844063                               -76.200731709464890
13.360658082975679                               -76.112558341711633
13.361802575107296                               -76.022220928758571
13.362947067238913                               -75.929665918691867
13.364091559370529                               -75.834838256879181
13.365236051502146                               -75.737681337221900
13.366380543633761                               -75.638136951159751
13.367525035765379                               -75.536145234252047
13.368669527896996                               -75.431644610159495
13.369814020028612                               -75.324571731808291
13.370958512160229                               -75.214861419532909
13.372103004291846                               -75.102446595923439
13.373247496423462                               -74.987258217132251
13.374391988555079                               -74.869225200321836
13.375536480686694                               -74.748274346927744
13.376680972818312                               -74.624330261371981
13.377825464949929                               -74.497315264827435
13.378969957081544                               -74.367149303569548
13.380114449213162                               -74.233749851443491
13.381258941344779                               -74.097031805884541
13.382403433476394                               -73.956907376883521
13.383547925608012                               -73.813285968243150
13.384692417739627                               -73.666074050348030
13.385836909871244                               -73.515175023649718
13.386981402002862                               -73.360489071920313
13.388125894134477                               -73.201913004263275
13.389270386266094                               -73.039340084724230
13.390414878397710                               -72.872659848230001
13.391559370529327                               -72.701757901428095
13.392703862660944                               -72.526515706829230
13.393848354792560                               -72.346810348459883
13.394992846924177                               -72.162514277024869
13.396137339055795                               -71.973495032323086
13.397281831187410                               -71.779614940369484
13.398426323319027                               -71.580730782381892
13.399570815450643                               -71.376693432382154
13.400715307582260                               -71.167347459772415
13.401859799713877                               -70.952530692725603
13.403004291845493                               -70.732073737701540
13.404148783977110                               -70.505799449699268
13.405293276108727                               -70.273522347153488
13.406437768240343                               -70.035047964438775
13.407582260371960                               -69.790172133968611
13.408726752503576                               -69.538680188626202
13.409871244635193                               -69.280346073865203
13.411015736766810                               -69.014931357127210
13.412160228898426                               -68.742184120247003
13.413304721030043                               -68.461837718143542
13.414449213161658                               -68.173609384281391
13.415593705293276                               -67.877198660014344
13.416738197424893                               -67.572285620847921
13.417882689556508                               -67.258528867743919
13.419027181688126                               -66.935563245639472
13.420171673819743                               -66.602997244040651
13.421316165951358                               -66.260410025629398
13.422460658082976                               -65.907348017806484
13.423605150214591                               -65.543320988388714
13.424749642346208                               -65.167797509631697
13.425894134477826                               -64.780199693303672
13.427038626609441                               -64.379897052409831
13.428183118741059                               -63.966199310653565
13.429327610872676                               -63.538347936406964
13.430472103004291                               -63.095506120632720
13.431616595135909                               -62.636746843449814
13.432761087267524                               -62.161038575533055
13.433905579399141                               -61.667228029624965
13.435050071530759                               -61.154019201505172
13.436194563662374                               -60.619947700607888
13.437339055793991                               -60.063349041515607
13.438483547925607                               -59.482319108837402
13.439628040057224                               -58.874664359221129
13.440772532188841                               -58.237838392060212
13.441917024320457                               -57.568860157911786
13.443061516452074                               -56.864207043996089
13.444206008583691                               -56.119672989198847
13.445350500715307                               -55.330176975970318
13.446494992846924                               -54.489499571821575
13.447639484978540                               -53.589912574566370
13.448783977110157                               -52.621645378889220
13.449928469241774                               -51.572093885307879
13.451072961373390                               -50.424608232483749
13.452217453505007                               -49.156561257331262
13.453361945636624                               -47.736124753585628
13.454506437768240                               -46.116580409622536
13.455650929899857                               -44.225581075244008
13.456795422031472                               -41.943203712218889
13.457939914163090                               -39.053352555769983
13.459084406294707                               -35.139741279670737
13.460228898426323                               -29.768569909214474
13.461373390557940                               -28.703657123551352
13.462517882689555                               -33.657786204239230
13.463662374821173                               -37.310090876099046
13.464806866952790                               -39.842196686574638
13.465951359084405                               -41.714837575190671
13.467095851216023                               -43.167880540581749
13.468240343347640                               -44.332408644262252
13.469384835479255                               -45.286378841924972
13.470529327610873                               -46.079515669874567
13.471673819742488                               -46.745322446322042
13.472818311874105                               -47.307365635989747
13.473962804005723                               -47.782798651806296
13.475107296137338                               -48.184454343729229
13.476251788268955                               -48.522147975983891
13.477396280400573                               -48.803521353626081
13.478540772532188                               -49.034608169028616
13.479685264663805                               -49.220223385946781
13.480829756795421                               -49.364237802829862
13.481974248927038                               -49.469775449346798
13.483118741058655                               -49.539357715997284
13.484263233190271                               -49.575009784187202
13.485407725321888                               -49.578339719196734
13.486552217453504                               -49.550597243909394
13.487696709585121                               -49.492717003109313
13.488841201716738                               -49.405349630197520
13.489985693848354                               -49.288882882134743
13.491130185979971                               -49.143454354131144
13.492274678111588                               -48.968956722172898
13.493419170243204                               -48.765036026198594
13.494563662374821                               -48.531083165210944
13.495708154506437                               -48.266218521335773
13.496852646638054                               -47.969269496016693
13.497997138769671                               -47.638740834499259
13.499141630901287                               -47.272778192997265
13.500286123032904                               -46.869127054884416
13.501430615164521                               -46.425093129147456
13.502575107296137                               -45.937519487762167
13.503719599427754                               -45.402814423947227
13.504864091559369                               -44.817089670343364
13.506008583690987                               -44.176386616449491
13.507153075822604                               -43.475464568381177
13.508297567954219                               -42.685734255785412
13.509442060085837                               -41.547511763372576
13.510586552217452                               -39.906385789054141
13.511731044349069                               -38.621016486938949
13.512875536480687                               -37.188684545842918
13.514020028612302                               -35.387586322794427
13.515164520743919                               -33.040790944587457
13.516309012875537                               -29.771395069107463
13.517453505007152                               -24.560300470141343
13.518597997138770                               -15.795861681901995
13.519742489270385                               -23.234513807163477
13.520886981402002                               -29.049712341538477
13.522031473533620                               -32.581927206373621
13.523175965665235                               -35.089973131372638
13.524320457796852                               -37.025254963577851
13.525464949928468                               -38.594854547535043
13.526609442060085                               -39.910340258604215
13.527753934191702                               -41.038574632972328
13.528898426323318                               -42.022759409133393
13.530042918454935                               -42.892413908709983
13.531187410586552                               -43.668598320128979
13.532331902718168                               -44.366862389794257
13.533476394849785                               -44.999012218562783
13.534620886981401                               -45.574221180097709
13.535765379113018                               -46.099756826101654
13.536909871244635                               -46.581472711597307
13.538054363376251                               -47.024150793520157
13.539198855507868                               -47.431745736621721
13.540343347639485                               -47.807563002019663
13.541487839771101                               -48.154391129865488
13.542632331902718                               -48.474601644379106
13.543776824034333                               -48.770225628846553
13.544921316165951                               -49.043013197587292
13.546065808297568                               -49.294480233026654
13.547210300429184                               -49.525945505038258
13.548354792560801                               -49.738560431767922
13.549499284692416                               -49.933333142506093
13.550643776824034                               -50.111148078860467
13.551788268955651                               -50.272782065303538
13.552932761087266                               -50.418917557743406
13.554077253218884                               -50.550153614586783
13.555221745350501                               -50.667015012150657
13.556366237482116                               -50.769959833660337
13.557510729613734                               -50.859385790349762
13.558655221745349                               -50.935635478574646
13.559799713876966                               -50.999000734227522
13.560944206008584                               -51.049726212073416
13.562088698140199                               -51.088012290677767
13.563233190271816                               -51.114017381715861
13.564377682403434                               -51.127859704357952
13.565522174535049                               -51.129618570152651
13.566666666666666                               -51.119335210596120
13.567811158798282                               -51.097013167757609
13.568955650929899                               -51.062618257389644
13.570100143061516                               -51.016078103409612
13.571244635193132                               -50.957281232056275
13.572389127324749                               -50.886075702929773
13.573533619456365                               -50.802267242053091
13.574678111587982                               -50.705616828472898
13.575822603719599                               -50.595837670111415
13.576967095851215                               -50.472591485753938
13.578111587982832                               -50.335483987201897
13.579256080114449                               -50.184059427377726
13.580400572246065                               -50.017794044765729
13.581545064377682                               -49.836088189646304
13.582689556509298                               -49.638256859875291
13.583834048640915                               -49.423518299038214
13.584978540772532                               -49.190980211451965
13.586123032904148                               -48.939623017957736
13.587267525035765                               -48.668279401204515
13.588412017167382                               -48.375609151074606
13.589556509298998                               -48.060067993309389
13.590701001430615                               -47.719868627504162
13.591845493562230                               -47.352931553813690
13.592989985693848                               -46.956822337279249
13.594134477825465                               -46.528670596483224
13.595278969957080                               -46.065063970021626
13.596423462088698                               -45.561907213782447
13.597567954220313                               -45.014231739964430
13.598712446351930                               -44.415933142099455
13.599856938483548                               -43.759401410761086
13.601001430615163                               -43.034986576701456
13.602145922746780                               -42.230203416863844
13.603290414878398                               -41.328505990497170
13.604434907010013                               -40.307319429980438
13.605579399141631                               -39.134715592554954
13.606723891273246                               -37.763436109079478
13.607868383404863                               -36.119255155632636
13.609012875536481                               -34.075811955290256
13.610157367668096                               -31.391726108892936
13.611301859799713                               -27.517596799309775
13.612446351931331                               -20.868185308571093
13.613590844062946                               -17.248224098267940
13.614735336194563                               -25.530999153272141
13.615879828326179                               -30.135329365495778
13.617024320457796                               -33.157099133261568
13.618168812589413                               -35.386500154484260
13.619313304721029                               -37.140230092371191
13.620457796852646                               -38.572441939299267
13.621602288984262                               -39.766110238391789
13.622746781115879                               -40.767768918449185
13.623891273247496                               -41.633246091274856
13.625035765379112                               -42.701528511941106
13.626180257510729                               -43.918410408881499
13.627324749642346                               -44.599621392766181
13.628469241773962                               -45.147866645795389
13.629613733905579                               -45.656165289989154
13.630758226037194                               -46.130164203201474
13.631902718168812                               -46.569746603153497
13.633047210300429                               -46.975536485033906
13.634191702432044                               -47.348749396304200
13.635336194563662                               -47.690789394871125
13.636480686695279                               -48.003025825207921
13.637625178826895                               -48.286690243220363
13.638769670958512                               -48.542834077805750
13.639914163090127                               -48.772314676475034
13.641058655221745                               -48.975793591696458
13.642203147353362                               -49.153739129485459
13.643347639484977                               -49.306429154735781
13.644492131616595                               -49.433952057362575
13.645636623748210                               -49.536204670935305
13.646781115879827                               -49.612886298484838
13.647925608011445                               -49.663488073535419
13.649070100143060                               -49.687276773958686
13.650214592274677                               -49.683271949596289
13.651359084406295                               -49.650214817539748
13.652503576537910                               -49.586526783643492
13.653648068669527                               -49.490254590399083
13.654792560801143                               -49.358997843359134
13.655937052932760                               -49.189812823870163
13.657081545064377                               -48.979083713351336
13.658226037195993                               -48.722348058500238
13.659370529327610                               -48.414056502970055
13.660515021459227                               -48.047235725190056
13.661659513590843                               -47.613004877500231
13.662804005722460                               -47.099863323304106
13.663948497854076                               -46.492608471356895
13.665092989985693                               -45.770630300546486
13.666237482117310                               -44.905104057097418
13.667381974248926                               -43.854122554646644
13.668526466380543                               -42.553714047136580
13.669670958512159                               -40.900020410309608
13.670815450643776                               -38.711268088430671
13.671959942775393                               -35.647741293857067
13.673104434907009                               -31.235683071661896
13.674248927038626                               -28.765956193610336
13.675393419170243                               -33.662779315905368
13.676537911301859                               -38.106331325710215
13.677682403433476                               -41.348682340379710
13.678826895565093                               -43.866651654266953
13.679971387696709                               -45.929898170558801
13.681115879828328                               -47.685415832898116
13.682260371959941                               -49.219740782303859
13.683404864091560                               -50.587575176905084
13.684549356223176                               -51.825537245245215
13.685693848354793                               -52.959285430757248
13.686838340486409                               -54.007473706167318
13.687982832618026                               -54.984079734252475
13.689127324749641                               -55.899843933435740
13.690271816881260                               -56.763196318021102
13.691416309012874                               -57.580874634591268
13.692560801144493                               -58.358349133812965
13.693705293276107                               -59.100122122318453
13.694849785407726                               -59.809944039665538
13.695994277539342                               -60.490972455680456
13.697138769670959                               -61.145891150226959
13.698283261802574                               -61.777000713529411
13.699427753934193                               -62.386288460811414
13.700572246065807                               -62.975483077950685
13.701716738197426                               -63.546097831029428
13.702861230329040                               -64.099465096096452
13.704005722460659                               -64.636764221041062
13.705150214592276                               -65.159044207881365
13.706294706723892                               -65.667242330408200
13.707439198855509                               -66.162199531882379
13.708583690987126                               -66.644673249609212
13.709728183118742                               -67.115348166599532
13.710872675250359                               -67.574845280607747
13.712017167381974                               -68.023729597748485
13.713161659513592                               -68.462516694361270
13.714306151645209                               -68.891678341865102
13.715450643776824                               -69.311647351348583
13.716595135908442                               -69.722821764813347
13.717739628040059                               -70.125568496597396
13.718884120171674                               -70.520226509758828
13.720028612303292                               -70.907109597403931
13.721173104434907                               -71.286508826849825
13.722317596566525                               -71.658694694932933
13.723462088698142                               -72.023919034788079
13.724606580829757                               -72.382416708043436
13.725751072961375                               -72.734407111067313
13.726895565092990                               -73.080095519504354
13.728040057224607                               -73.419674291754021
13.729184549356225                               -73.753323948992659
13.730329041487840                               -74.081214146834284
13.731473533619457                               -74.403504551587915
13.732618025751075                               -74.720345632319180
13.733762517882690                               -75.031879378357999
13.734907010014307                               -75.338239950657609
13.736051502145923                               -75.639554274316609
13.737195994277540                               -75.935942578594734
13.738340486409157                               -76.227518890029529
13.739484978540773                               -76.514391483497292
13.740629470672390                               -76.796663295542004
13.741773962804007                               -77.074432303718638
13.742918454935623                               -77.347791875305276
13.744062947067240                               -77.616831088332901
13.745207439198856                               -77.881635027531487
13.746351931330473                               -78.142285057543887
13.747496423462090                               -78.398859075444534
13.748640915593706                               -78.651431744439108
13.749785407725323                               -78.900074710354659
13.750929899856938                               -79.144856802443769
13.752074391988556                               -79.385844219769012
13.753218884120173                               -79.623100704405658
13.754363376251789                               -79.856687702502398
13.755507868383406                               -80.086664514168802
13.756652360515023                               -80.313088433064507
13.757796852646639                               -80.536014876474496
13.758941344778256                               -80.755497506584760
13.760085836909871                               -80.971588343593140
13.761230329041489                               -81.184337871264944
13.762374821173106                               -81.393795135454695
13.763519313304721                               -81.600007836075420
13.764663805436339                               -81.803022412983992
13.765808297567956                               -82.002884126168681
13.766952789699571                               -82.199637130629398
13.768097281831189                               -82.393324546285896
13.769241773962804                               -82.583988523234225
13.770386266094421                               -82.771670302642448
13.771530758226039                               -82.956410273557154
13.772675250357654                               -83.138248025872741
13.773819742489271                               -83.317222399687765
13.774964234620887                               -83.493371531273667
13.776108726752504                               -83.666732895847744
13.777253218884121                               -83.837343347345339
13.778397711015737                               -84.005239155360158
13.779542203147354                               -84.170456039422504
13.780686695278971                               -84.333029200762411
13.781831187410587                               -84.492993351704641
13.782975679542204                               -84.650382742840350
13.784120171673820                               -84.805231188083212
13.785264663805437                               -84.957572087767829
13.786409155937054                               -85.107438449847180
13.787553648068670                               -85.254862909365926
13.788698140200287                               -85.399877746258497
13.789842632331904                               -85.542514901604278
13.790987124463520                               -85.682805992401342
13.792131616595137                               -85.820782324989892
13.793276108726753                               -85.956474907162601
13.794420600858370                               -86.089914459083900
13.795565092989987                               -86.221131423060541
13.796709585121603                               -86.350155972268539
13.797854077253220                               -86.477018018479129
13.798998569384835                               -86.601747218862627
13.800143061516453                               -86.724372981944612
13.801287553648070                               -86.844924472753291
13.802432045779685                               -86.963430617230969
13.803576537911303                               -87.079920105960781
13.804721030042920                               -87.194421397268954
13.805865522174535                               -87.306962719736390
13.807010014306153                               -87.417572074185330
13.808154506437768                               -87.526277235182221
13.809298998569385                               -87.633105752084077
13.810443490701003                               -87.738084949702696
13.811587982832618                               -87.841241928599061
13.812732474964236                               -87.942603565048003
13.813876967095853                               -88.042196510724025
13.815021459227468                               -88.140047192124570
13.816165951359086                               -88.236181809777975
13.817310443490701                               -88.330626337252980
13.818454935622318                               -88.423406520000668
13.819599427753936                               -88.514547874068484
13.820743919885551                               -88.604075684685043
13.821888412017168                               -88.692015004767825
13.823032904148784                               -88.778390653360731
13.824177396280401                               -88.863227214015197
13.825321888412018                               -88.946549033143597
13.826466380543634                               -89.028380218373485
13.827610872675251                               -89.108744636884879
13.828755364806868                               -89.187665913787100
13.829899856938484                               -89.265167430509450
13.831044349070101                               -89.341272323256206
13.832188841201717                               -89.416003481492098
13.833333333333334                               -89.489383546522419
13.834477825464951                               -89.561434910130728
13.835622317596567                               -89.632179713299166
13.836766809728184                               -89.701639845034308
13.837911301859799                               -89.769836941275969
13.839055793991417                               -89.836792383908573
13.840200286123034                               -89.902527299900783
13.841344778254649                               -89.967062560521441
13.842489270386267                               -90.030418780704977
13.843633762517884                               -90.092616318508064
13.844778254649500                               -90.153675274707041
13.845922746781117                               -90.213615492491897
13.847067238912732                               -90.272456557304110
13.848211731044350                               -90.330217796784851
13.849356223175967                               -90.386918280845549
13.850500715307582                               -90.442576821853621
13.851645207439200                               -90.497211974963193
13.852789699570817                               -90.550842038528927
13.853934191702432                               -90.603485054657000
13.855078683834050                               -90.655158809877335
13.856223175965665                               -90.705880835911614
13.857367668097282                               -90.755668410562095
13.858512160228900                               -90.804538558704820
13.859656652360515                               -90.852508053386771
13.860801144492132                               -90.899593417030289
13.861945636623748                               -90.945810922727489
13.863090128755365                               -90.991176595633561
13.864234620886982                               -91.035706214452375
13.865379113018598                               -91.079415313014422
13.866523605150215                               -91.122319181923075
13.867668097281832                               -91.164432870302136
13.868812589413448                               -91.205771187609628
13.869957081545065                               -91.246348705522792
13.871101573676681                               -91.286179759898715
13.872246065808298                               -91.325278452796695
13.873390557939915                               -91.363658654566677
13.874535050071531                               -91.401334005990464
13.875679542203148                               -91.438317920488799
13.876824034334765                               -91.474623586360735
13.877968526466381                               -91.510263969088399
13.879113018597998                               -91.545251813684004
13.880257510729614                               -91.579599647066757
13.881402002861231                               -91.613319780483465
13.882546494992848                               -91.646424311966470
13.883690987124464                               -91.678925128820637
13.884835479256081                               -91.710833910133857
13.885979971387696                               -91.742162129313726
13.887124463519314                               -91.772921056656742
13.888268955650931                               -91.803121761912337
13.889413447782546                               -91.832775116894837
13.890557939914164                               -91.861891798078545
13.891702432045781                               -91.890482289224153
13.892846924177396                               -91.918556884006108
13.893991416309014                               -91.946125688644656
13.895135908440629                               -91.973198624542079
13.896280400572246                               -91.999785430927489
13.897424892703864                               -92.025895667487958
13.898569384835479                               -92.051538717008455
13.899713876967096                               -92.076723788006433
13.900858369098714                               -92.101459917345238
13.902002861230329                               -92.125755972861214
13.903147353361947                               -92.149620655969699
13.904291845493562                               -92.173062504251902
13.905436337625179                               -92.196089894049095
13.906580829756797                               -92.218711043021216
13.907725321888412                               -92.240934012701658
13.908869814020029                               -92.262766711037969
13.910014306151645                               -92.284216894901334
13.911158798283262                               -92.305292172593383
13.912303290414879                               -92.326000006317699
13.913447782546495                               -92.346347714637147
13.914592274678112                               -92.366342474917857
13.915736766809729                               -92.385991325728710
13.916881258941345                               -92.405301169239010
13.918025751072962                               -92.424278773578010
13.919170243204578                               -92.442930775175412
13.920314735336195                               -92.461263681081249
13.921459227467812                               -92.479283871240042
13.922603719599428                               -92.496997600764530
13.923748211731045                               -92.514411002165261
13.924892703862662                               -92.531530087552412
13.926037195994278                               -92.548360750826930
13.927181688125895                               -92.564908769816597
13.928326180257510                               -92.581179808410710
13.929470672389128                               -92.597179418648466
13.930615164520745                               -92.612913042785380
13.931759656652360                               -92.628386015328985
13.932904148783978                               -92.643603565053070
13.934048640915593                               -92.658570816965394
13.935193133047211                               -92.673292794266644
13.936337625178828                               -92.687774420268710
13.937482117310443                               -92.702020520284080
13.938626609442061                               -92.716035823491239
13.939771101573678                               -92.729824964768000
13.940915593705293                               -92.743392486494415
13.942060085836911                               -92.756742840333430
13.943204577968526                               -92.769880388973078
13.944349070100143                               -92.782809407850593
13.945493562231761                               -92.795534086838032
13.946638054363376                               -92.808058531911399
13.947782546494993                               -92.820386766781326
13.948927038626611                               -92.832522734499307
13.950071530758226                               -92.844470299041092
13.951216022889843                               -92.856233246855723
13.952360515021459                               -92.867815288392421
13.953505007153076                               -92.879220059601849
13.954649499284693                               -92.890451123404191
13.955793991416309                               -92.901511971135520
13.956938483547926                               -92.912406023970760
13.958082975679542                               -92.923136634317828
13.959227467811159                               -92.933707087183620
13.960371959942776                               -92.944120601522556
13.961516452074392                               -92.954380331553125
13.962660944206009                               -92.964489368053279
13.963805436337626                               -92.974450739635458
13.964949928469242                               -92.984267413987126
13.966094420600859                               -92.993942299100979
13.967238912732475                               -93.003478244472092
13.968383404864092                               -93.012878042278672
13.969527896995709                               -93.022144428535412
13.970672389127325                               -93.031280084228470
13.971816881258942                               -93.040287636425276
13.972961373390559                               -93.049169659370378
13.974105865522175                               -93.057928675547771
13.975250357653792                               -93.066567156733626
13.976394849785407                               -93.075087525025367
13.977539341917025                               -93.083492153842755
13.978683834048642                               -93.091783368927409
13.979828326180257                               -93.099963449302251
13.980972818311875                               -93.108034628221631
13.982117310443490                               -93.115999094110691
13.983261802575107                               -93.123858991466875
13.984406294706725                               -93.131616421761279
13.985550786838340                               -93.139273444311996
13.986695278969957                               -93.146832077145490
13.987839771101575                               -93.154294297833516
13.988984263233190                               -93.161662044323663
13.990128755364807                               -93.168937215742233
13.991273247496423                               -93.176121673188874
13.992417739628040                               -93.183217240513670
13.993562231759658                               -93.190225705071953
13.994706723891273                               -93.197148818475725
13.995851216022890                               -93.203988297316613
13.996995708154508                               -93.210745823884054
13.998140200286123                               -93.217423046866884
13.999284692417740                               -93.224021582034254
14.000429184549356                               -93.230543012911383
14.001573676680973                               -93.236988891435885
14.002718168812590                               -93.243360738603101
14.003862660944206                               -93.249660045094899
14.005007153075823                               -93.255888271899579
14.006151645207439                               -93.262046850921635
14.007296137339056                               -93.268137185565507
14.008440629470673                               -93.274160651324692
14.009585121602289                               -93.280118596345687
14.010729613733906                               -93.286012341988396
14.011874105865523                               -93.291843183368073
14.013018597997139                               -93.297612389893217
14.014163090128756                               -93.303321205786489
14.015307582260371                               -93.308970850598712
14.016452074391989                               -93.314562519709540
14.017596566523606                               -93.320097384816435
14.018741058655221                               -93.325576594422571
14.019885550786839                               -93.331001274299922
14.021030042918456                               -93.336372527957877
14.022174535050071                               -93.341691437089480
14.023319027181689                               -93.346959062015571
14.024463519313304                               -93.352176442121092
14.025608011444922                               -93.357344596274601
14.026752503576539                               -93.362464523247326
14.027896995708154                               -93.367537202115898
14.029041487839772                               -93.372563592666907
14.030185979971387                               -93.377544635779913
14.031330472103004                               -93.382481253812074
14.032474964234622                               -93.387374350976813
14.033619456366237                               -93.392224813700508
14.034763948497854                               -93.397033510991548
14.035908440629472                               -93.401801294781990
14.037052932761087                               -93.406529000276890
14.038197424892704                               -93.411217446290365
14.039341917024320                               -93.415867435574739
14.040486409155937                               -93.420479755140946
14.041630901287554                               -93.425055176579889
14.042775393419170                               -93.429594456365550
14.043919885550787                               -93.434098336163643
14.045064377682403                               -93.438567543125714
14.046208869814020                               -93.443002790179690
14.047353361945637                               -93.447404776315381
14.048497854077253                               -93.451774186863105
14.049642346208870                               -93.456111693764839
14.050786838340487                               -93.460417955843681
14.051931330472103                               -93.464693619066296
14.053075822603720                               -93.468939316795669
14.054220314735336                               -93.473155670045259
14.055364806866953                               -93.477343287722974
14.056509298998570                               -93.481502766873760
14.057653791130186                               -93.485634692912612
14.058798283261803                               -93.489739639858044
14.059942775393420                               -93.493818170558072
14.061087267525036                               -93.497870836908419
14.062231759656653                               -93.501898180072658
14.063376251788268                               -93.505900730694805
14.064520743919886                               -93.509879009104878
14.065665236051503                               -93.513833525524873
14.066809728183118                               -93.517764780265807
14.067954220314736                               -93.521673263926303
14.069098712446351                               -93.525559457582673
14.070243204577968                               -93.529423832974345
14.071387696709586                               -93.533266852691241
14.072532188841201                               -93.537088970351107
14.073676680972818                               -93.540890630776786
14.074821173104436                               -93.544672270166288
14.075965665236051                               -93.548434316267404
14.077110157367668                               -93.552177188536717
14.078254649499284                               -93.555901298307035
14.079399141630901                               -93.559607048943832
14.080543633762518                               -93.563294836001546
14.081688125894134                               -93.566965047374026
14.082832618025751                               -93.570618063447938
14.083977110157369                               -93.574254257247205
14.085121602288984                               -93.577873994572670
14.086266094420601                               -93.581477634150687
14.087410586552217                               -93.585065527762879
14.088555078683834                               -93.588638020385048
14.089699570815451                               -93.592195450318314
14.090844062947067                               -93.595738149318990
14.091988555078684                               -93.599266442724002
14.093133047210300                               -93.602780649576701
14.094277539341917                               -93.606281082749589
14.095422031473534                               -93.609768049057763
14.096566523605150                               -93.613241849384465
14.097711015736767                               -93.616702778788991
14.098855507868384                               -93.620151126621337
14.100000000000000                               -93.623587176631986
