13.300000000000001                               -66.271457756792032
13.301144492131616                               -66.173536659218939
13.302288984263233                               -66.075187899125154
13.303433476394849                               -65.976404697018239
13.304577968526466                               -65.877180155304089
13.305722460658084                               -65.777507254571304
13.306866952789699                               -65.677378849739540
13.308011444921316                               -65.576787666077621
13.309155937052934                               -65.475726295071155
13.310300429184549                               -65.374187190143488
13.311444921316166                               -65.272162662215877
13.312589413447782                               -65.169644875105902
13.313733905579399                               -65.066625840751072
13.314878397711016                               -64.963097414249972
13.316022889842632                               -64.859051288714937
13.317167381974249                               -64.754478989925047
13.318311874105866                               -64.649371870768647
13.319456366237482                               -64.543721105468151
13.320600858369099                               -64.437517683571997
13.321745350500715                               -64.330752403707407
13.322889842632332                               -64.223415867075630
13.324034334763949                               -64.115498470681743
13.325178826895565                               -64.006990400283499
13.326323319027182                               -63.897881623042181
13.327467811158797                               -63.788161879865370
13.328612303290415                               -63.677820677419902
13.329756795422032                               -63.566847279799070
13.330901287553647                               -63.455230699831056
13.332045779685265                               -63.342959689995936
13.333190271816882                               -63.230022732946125
13.334334763948497                               -63.116408031596990
13.335479256080115                               -63.002103498766715
13.336623748211730                               -62.887096746341953
13.337768240343348                               -62.771375073940803
13.338912732474965                               -62.654925457045401
13.340057224606580                               -62.537734534571179
13.341201716738198                               -62.419788595843009
13.342346208869813                               -62.301073566941866
13.343490701001430                               -62.181574996384541
13.344635193133048                               -62.061278040096511
13.345779685264663                               -61.940167445636874
13.346924177396280                               -61.818227535625454
13.348068669527898                               -61.695442190327441
13.349213161659513                               -61.571794829341172
13.350357653791130                               -61.447268392332084
13.351502145922746                               -61.321845318749880
13.352646638054363                               -61.195507526470692
13.353791130185980                               -61.068236389286803
13.354935622317596                               -60.940012713169700
13.356080114449213                               -60.810816711230814
13.357224606580830                               -60.680627977281759
13.358369098712446                               -60.549425457909763
13.359513590844063                               -60.417187422960495
13.360658082975679                               -60.283891434316700
13.361802575107296                               -60.149514312856383
13.362947067238913                               -60.014032103460508
13.364091559370529                               -59.877420037925837
13.365236051502146                               -59.739652495636506
13.366380543633761                               -59.600702961825142
13.367525035765379                               -59.460543983243909
13.368669527896996                               -59.319147121051955
13.369814020028612                               -59.176482900705508
13.370958512160229                               -59.032520758617991
13.372103004291846                               -58.887228985338012
13.373247496423462                               -58.740574664968136
13.374391988555079                               -58.592523610521887
13.375536480686694                               -58.443040294890736
13.376680972818312                               -58.292087777052622
13.377825464949929                               -58.139627623130387
13.378969957081544                               -57.985619821855835
13.380114449213162                               -57.830022693968992
13.381258941344779                               -57.672792795008199
13.382403433476394                               -57.513884810919208
13.383547925608012                               -57.353251445834701
13.384692417739627                               -57.190843301302607
13.385836909871244                               -57.026608746187541
13.386981402002862                               -56.860493776353387
13.388125894134477                               -56.692441863165897
13.389270386266094                               -56.522393789724880
13.390414878397710                               -56.350287473620497
13.391559370529327                               -56.176057774866386
13.392703862660944                               -55.999636287509453
13.393848354792560                               -55.820951113217312
13.394992846924177                               -55.639926614961823
13.396137339055795                               -55.456483148669484
13.397281831187410                               -55.270536770436891
13.398426323319027                               -55.081998916612164
13.399570815450643                               -54.890776053687532
13.400715307582260                               -54.696769294528949
13.401859799713877                               -54.499873977017408
13.403004291845493                               -54.299979200613926
13.404148783977110                               -54.096967315740031
13.405293276108727                               -53.890713360124643
13.406437768240343                               -53.681084435410384
13.407582260371960                               -53.467939016309067
13.408726752503576                               -53.251126183410491
13.409871244635193                               -53.030484769363667
13.411015736766810                               -52.805842406504091
13.412160228898426                               -52.577014462042783
13.413304721030043                               -52.343802844623831
13.414449213161658                               -52.105994663268092
13.415593705293276                               -51.863360716398283
13.416738197424893                               -51.615653784622651
13.417882689556508                               -51.362606696098837
13.419027181688126                               -51.103930127391877
13.420171673819743                               -50.839310095518783
13.421316165951358                               -50.568405088018189
13.422460658082976                               -50.290842766933849
13.423605150214591                               -50.006216169016646
13.424749642346208                               -49.714079307487786
13.425894134477826                               -49.413942059366704
13.427038626609441                               -49.105264195400345
13.428183118741059                               -48.787448375225168
13.429327610872676                               -48.459831886267636
13.430472103004291                               -48.121676847739423
13.431616595135909                               -47.772158526523199
13.432761087267524                               -47.410351313515292
13.433905579399141                               -47.035211778317027
13.435050071530759                               -46.645558044559010
13.436194563662374                               -46.240044489352385
13.437339055793991                               -45.817130441779177
13.438483547925607                               -45.375041097119492
13.439628040057224                               -44.911718215266205
13.440772532188841                               -44.424757240238804
13.441917024320457                               -43.911326115889835
13.443061516452074                               -43.368059044103887
13.444206008583691                               -42.790915345825667
13.445350500715307                               -42.174988781419714
13.446494992846924                               -41.514245013501110
13.447639484978540                               -40.801152278482114
13.448783977110157                               -40.026148898395363
13.449928469241774                               -39.176853470314882
13.451072961373390                               -38.236854033302365
13.452217453505007                               -37.183778139507581
13.453361945636624                               -35.986070926156984
13.454506437768240                               -34.597308099983039
13.455650929899857                               -32.945459520217057
13.456795422031472                               -30.910944778284957
13.457939914163090                               -28.278039353257512
13.459084406294707                               -24.630860197991385
13.460228898426323                               -19.536046563931446
13.461373390557940                               -18.757896729421304
13.462517882689555                               -24.009719531782025
13.463662374821173                               -27.971225761212686
13.464806866952790                               -30.824676856251351
13.465951359084405                               -33.031509736030529
13.467095851216023                               -34.832371180961012
13.468240343347640                               -36.359212370176380
13.469384835479255                               -37.690960455061607
13.470529327610873                               -38.878428723715572
13.471673819742488                               -39.956347697649655
13.472818311874105                               -40.949673697579101
13.473962804005723                               -41.877142322365344
13.475107296137338                               -42.753397650570363
13.476251788268955                               -43.590341069998246
13.477396280400573                               -44.398033274175589
13.478540772532188                               -45.185333492547770
13.479685264663805                               -45.960384413375010
13.480829756795421                               -46.731012052223839
13.481974248927038                               -47.505090123830477
13.483118741058655                               -48.290910692920697
13.484263233190271                               -49.097604221754480
13.485407725321888                               -49.935663114630501
13.486552217453504                               -50.817647621405541
13.487696709585121                               -51.759201696914438
13.488841201716738                               -52.780602024455959
13.489985693848354                               -53.909258948761057
13.491130185979971                               -55.184015421826551
13.492274678111588                               -56.663110597436905
13.493419170243204                               -58.440411913787841
13.494563662374821                               -60.683111474008072
13.495708154506437                               -63.737955376394453
13.496852646638054                               -68.547560709239946
13.497997138769671                               -80.316208903300748
13.499141630901287                               -74.453855864254393
13.500286123032904                               -66.574211451894328
13.501430615164521                               -62.572874141546457
13.502575107296137                               -59.969409564785543
13.503719599427754                               -58.149440915668379
13.504864091559369                               -56.781564070558986
13.506008583690987                               -55.091129869714834
13.507153075822604                               -50.973696204415759
13.508297567954219                               -43.675529173231062
13.509442060085837                               -35.614169352677067
13.510586552217452                               -31.865689729356266
13.511731044349069                               -31.720869571896976
13.512875536480687                               -31.214672762531688
13.514020028612302                               -29.905590342470848
13.515164520743919                               -27.779071035436836
13.516309012875537                               -24.569951738565983
13.517453505007152                               -19.323592713349683
13.518597997138770                               -10.465928555661643
13.519742489270385                               -17.776055134656229
13.520886981402002                               -23.441618260150388
13.522031473533620                               -26.812174411235787
13.523175965665235                               -29.152521227293690
13.524320457796852                               -30.918065375522410
13.525464949928468                               -32.318597206947828
13.526609442060085                               -33.467530072806021
13.527753934191702                               -34.432983948968939
13.528898426323318                               -35.259012018411802
13.530042918454935                               -35.975700987482078
13.531187410586552                               -36.604477775800170
13.532331902718168                               -37.161116171958732
13.533476394849785                               -37.657544473853811
13.534620886981401                               -38.102985534097044
13.535765379113018                               -38.504704652530791
13.536909871244635                               -38.868516657885657
13.538054363376251                               -39.199139479512141
13.539198855507868                               -39.500446686213834
13.540343347639485                               -39.775651670700427
13.541487839771101                               -40.027444462142874
13.542632331902718                               -40.258095005381726
13.543776824034333                               -40.469532252089415
13.544921316165951                               -40.663405508839475
13.546065808297568                               -40.841132571085851
13.547210300429184                               -41.003937879855464
13.548354792560801                               -41.152883049972395
13.549499284692416                               -41.288891497937179
13.550643776824034                               -41.412768456968514
13.551788268955651                               -41.525217349414156
13.552932761087266                               -41.626853255242118
13.554077253218884                               -41.718214044333578
13.555221745350501                               -41.799769612555444
13.556366237482116                               -41.871929565098597
13.557510729613734                               -41.935049616922782
13.558655221745349                               -41.989436923353722
13.559799713876966                               -42.035354509610414
13.560944206008584                               -42.073024933176427
13.562088698140199                               -42.102633285118401
13.563233190271816                               -42.124329613991563
13.564377682403434                               -42.138230837527509
13.565522174535049                               -42.144422191864876
13.566666666666666                               -42.142958254865036
13.567811158798282                               -42.133863568409481
13.568955650929899                               -42.117132873955384
13.570100143061516                               -42.092730965573899
13.571244635193132                               -42.060592154750019
13.572389127324749                               -42.020619330970554
13.573533619456365                               -41.972682591090653
13.574678111587982                               -41.916617398142392
13.575822603719599                               -41.852222216022206
13.576967095851215                               -41.779255549612074
13.578111587982832                               -41.697432299407858
13.579256080114449                               -41.606419314411376
13.580400572246065                               -41.505829995249393
13.581545064377682                               -41.395217759014372
13.582689556509298                               -41.274068125185686
13.583834048640915                               -41.141789114023425
13.584978540772532                               -40.997699559244850
13.586123032904148                               -40.841014817388277
13.587267525035765                               -40.670829195233466
13.588412017167382                               -40.486094196878916
13.589556509298998                               -40.285591388209248
13.590701001430615                               -40.067898250612203
13.591845493562230                               -39.831344789936210
13.592989985693848                               -39.573957790828466
13.594134477825465                               -39.293388317861329
13.595278969957080                               -38.986816131655985
13.596423462088698                               -38.650821725412492
13.597567954220313                               -38.281212037219710
13.598712446351930                               -37.872778398168464
13.599856938483548                               -37.418952825764300
13.601001430615163                               -36.911307370785579
13.602145922746780                               -36.338802963873796
13.603290414878398                               -35.686622606809102
13.604434907010013                               -34.934282362169533
13.605579399141631                               -34.052415850187700
13.606723891273246                               -32.996949853565674
13.607868383404863                               -31.697685654043561
13.609012875536481                               -30.033452490680510
13.610157367668096                               -27.769707552082004
13.611301859799713                               -24.366290695892083
13.612446351931331                               -18.250828134120781
13.613590844062946                               -15.246610231150093
13.614735336194563                               -24.254811601298325
13.615879828326179                               -29.738329845006565
13.617024320457796                               -33.866959896619491
13.618168812589413                               -37.563067512697117
13.619313304721029                               -41.387183414360535
13.620457796852646                               -45.769230413734007
13.621602288984262                               -48.088414332120834
13.622746781115879                               -42.948993964783206
13.623891273247496                               -36.722520441598306
13.625035765379112                               -32.207419276401190
13.626180257510729                               -33.205557811468424
13.627324749642346                               -36.318008282299466
13.628469241773962                               -39.039875926202072
13.629613733905579                               -41.336581771499048
13.630758226037194                               -43.378544718483305
13.631902718168812                               -45.290297096576765
13.633047210300429                               -47.161737845678161
13.634191702432044                               -49.068955786161666
13.635336194563662                               -51.091044613623993
13.636480686695279                               -53.328435739576719
13.637625178826895                               -55.932179141477476
13.638769670958512                               -59.161494496404018
13.639914163090127                               -63.462420217727036
13.641058655221745                               -68.384211188618806
13.642203147353362                               -66.612932280721807
13.643347639484977                               -62.078240529402208
13.644492131616595                               -58.792423686654168
13.645636623748210                               -56.367840122622745
13.646781115879827                               -54.457758727444656
13.647925608011445                               -52.874023121265651
13.649070100143060                               -51.508979805891983
13.650214592274677                               -50.296108286180313
13.651359084406295                               -49.191412095052030
13.652503576537910                               -48.164024746914194
13.653648068669527                               -47.191102932046562
13.654792560801143                               -46.254851397612455
13.655937052932760                               -45.340669890432387
13.657081545064377                               -44.435913402413867
13.658226037195993                               -43.528988547392025
13.659370529327610                               -42.608619410996631
13.660515021459227                               -41.663166655690247
13.661659513590843                               -40.679898817874331
13.662804005722460                               -39.644101571759450
13.663948497854076                               -38.537863200577192
13.665092989985693                               -37.338269323395878
13.666237482117310                               -36.014519226974279
13.667381974248926                               -34.522998947107283
13.668526466380543                               -32.798252661221092
13.669670958512159                               -30.735123983845934
13.670815450643776                               -28.150697343511997
13.671959942775393                               -24.704247255482091
13.673104434907009                               -19.921119944858972
13.674248927038626                               -17.091379352096883
13.675393419170243                               -21.638525782424200
13.676537911301859                               -25.742093875083473
13.677682403433476                               -28.653573310367001
13.678826895565093                               -30.849257495352262
13.679971387696709                               -32.598328005907192
13.681115879828328                               -34.047344347874841
13.682260371959941                               -35.282446230381851
13.683404864091560                               -36.357973180603686
13.684549356223176                               -37.310210960269778
13.685693848354793                               -38.164512551237216
13.686838340486409                               -38.939250715199009
13.687982832618026                               -39.648143743197522
13.689127324749641                               -40.301692403159983
13.690271816881260                               -40.908104913310780
13.691416309012874                               -41.473913427915718
13.692560801144493                               -42.004397345080989
13.693705293276107                               -42.503881556361208
13.694849785407726                               -42.975951362046835
13.695994277539342                               -43.423610429452779
13.697138769670959                               -43.849398940882338
13.698283261802574                               -44.255483356249449
13.699427753934193                               -44.643725572765298
13.700572246065807                               -45.015736888656747
13.701716738197426                               -45.372920595312934
13.702861230329040                               -45.716505946871415
13.704005722460659                               -46.047575512730575
13.705150214592276                               -46.367087395753089
13.706294706723892                               -46.675893426204894
13.707439198855509                               -46.974754171869023
13.708583690987126                               -47.264351407403566
13.709728183118742                               -47.545298539841916
13.710872675250359                               -47.818149377604861
13.712017167381974                               -48.083405547650848
13.713161659513592                               -48.341522802133682
13.714306151645209                               -48.592916407287262
13.715450643776824                               -48.837965769462571
13.716595135908442                               -49.077018423638641
13.717739628040059                               -49.310393486472172
13.718884120171674                               -49.538384657407491
13.720028612303292                               -49.761262836647823
13.721173104434907                               -49.979278416880362
13.722317596566525                               -50.192663296102168
13.723462088698142                               -50.401632651068113
13.724606580829757                               -50.606386504538520
13.725751072961375                               -50.807111114291970
13.726895565092990                               -51.003980207530660
13.728040057224607                               -51.197156080779664
13.729184549356225                               -51.386790582382162
13.730329041487840                               -51.573025992240922
13.731473533619457                               -51.755995811352065
13.732618025751075                               -51.935825471964698
13.733762517882690                               -52.112632977685855
13.734907010014307                               -52.286529481624044
13.736051502145923                               -52.457619809600871
13.737195994277540                               -52.626002934529865
13.738340486409157                               -52.791772407319485
13.739484978540773                               -52.955016748957277
13.740629470672390                               -53.115819807890276
13.741773962804007                               -53.274261086293606
13.742918454935623                               -53.430416038414840
13.744062947067240                               -53.584356343799648
13.745207439198856                               -53.736150157876637
13.746351931330473                               -53.885862342119061
13.747496423462090                               -54.033554675725874
13.748640915593706                               -54.179286050580885
13.749785407725323                               -54.323112651033078
13.750929899856938                               -54.465088119900230
13.752074391988556                               -54.605263711928885
13.753218884120173                               -54.743688435834308
13.754363376251789                               -54.880409185921060
13.755507868383406                               -55.015470864180088
13.756652360515023                               -55.148916493685348
13.757796852646639                               -55.280787324008614
13.758941344778256                               -55.411122929330077
13.760085836909871                               -55.539961299826253
13.761230329041489                               -55.667338926897038
13.762374821173106                               -55.793290882706792
13.763519313304721                               -55.917850894497548
13.764663805436339                               -56.041051414079980
13.765808297567956                               -56.162923682865738
13.766952789699571                               -56.283497792790165
13.768097281831189                               -56.402802743421567
13.769241773962804                               -56.520866495550266
13.770386266094421                               -56.637716021506236
13.771530758226039                               -56.753377352447131
13.772675250357654                               -56.867875622831725
13.773819742489271                               -56.981235112274213
13.774964234620887                               -57.093479284969895
13.776108726752504                               -57.204630826850462
13.777253218884121                               -57.314711680631866
13.778397711015737                               -57.423743078890475
13.779542203147354                               -57.531745575306140
13.780686695278971                               -57.638739074183867
13.781831187410587                               -57.744742858377876
13.782975679542204                               -57.849775615710833
13.784120171673820                               -57.953855463989854
13.785264663805437                               -58.056999974709299
13.786409155937054                               -58.159226195516503
13.787553648068670                               -58.260550671525600
13.788698140200287                               -58.360989465540456
13.789842632331904                               -58.460558177262804
13.790987124463520                               -58.559271961537505
13.792131616595137                               -58.657145545699116
13.793276108726753                               -58.754193246069406
13.794420600858370                               -58.850428983655156
13.795565092989987                               -58.945866299095250
13.796709585121603                               -59.040518366895149
13.797854077253220                               -59.134398008995689
13.798998569384835                               -59.227517707706625
13.800143061516453                               -59.319889618046169
13.801287553648070                               -59.411525579515882
13.802432045779685                               -59.502437127341253
13.803576537911303                               -59.592635503211952
13.804721030042920                               -59.682131665539742
13.805865522174535                               -59.770936299270751
13.807010014306153                               -59.859059825263358
13.808154506437768                               -59.946512409267584
13.809298998569385                               -60.033303970512861
13.810443490701003                               -60.119444189937141
13.811587982832618                               -60.204942518065884
13.812732474964236                               -60.289808182563071
13.813876967095853                               -60.374050195471668
13.815021459227468                               -60.457677360154420
13.816165951359086                               -60.540698277955102
13.817310443490701                               -60.623121354589280
13.818454935622318                               -60.704954806280853
13.819599427753936                               -60.786206665654305
13.820743919885551                               -60.866884787396963
13.821888412017168                               -60.946996853699048
13.823032904148784                               -61.026550379482728
13.824177396280401                               -61.105552717433625
13.825321888412018                               -61.184011062836852
13.826466380543634                               -61.261932458235144
13.827610872675251                               -61.339323797907014
13.828755364806868                               -61.416191832184424
13.829899856938484                               -61.492543171606961
13.831044349070101                               -61.568384290925394
13.832188841201717                               -61.643721532961351
13.833333333333334                               -61.718561112325659
13.834477825464951                               -61.792909119005941
13.835622317596567                               -61.866771521824987
13.836766809728184                               -61.940154171779596
13.837911301859799                               -62.013062805260418
13.839055793991417                               -62.085503047161922
13.840200286123034                               -62.157480413885040
13.841344778254649                               -62.229000316235442
13.842489270386267                               -62.300068062227083
13.843633762517884                               -62.370688859786647
13.844778254649500                               -62.440867819372485
13.845922746781117                               -62.510609956501909
13.847067238912732                               -62.579920194199694
13.848211731044350                               -62.648803365362220
13.849356223175967                               -62.717264215048267
13.850500715307582                               -62.785307402693604
13.851645207439200                               -62.852937504254953
13.852789699570817                               -62.920159014287627
13.853934191702432                               -62.986976347953735
13.855078683834050                               -63.053393842972127
13.856223175965665                               -63.119415761502324
13.857367668097282                               -63.185046291974913
13.858512160228900                               -63.250289550861716
13.859656652360515                               -63.315149584394597
13.860801144492132                               -63.379630370230785
13.861945636623748                               -63.443735819067506
13.863090128755365                               -63.507469776209895
13.864234620886982                               -63.570836023089967
13.865379113018598                               -63.633838278743021
13.866523605150215                               -63.696480201238501
13.867668097281832                               -63.758765389071350
13.868812589413448                               -63.820697382509231
13.869957081545065                               -63.882279664905830
13.871101573676681                               -63.943515663973010
13.872246065808298                               -64.004408753016861
13.873390557939915                               -64.064962252140873
13.874535050071531                               -64.125179429412356
13.875679542203148                               -64.185063502000077
13.876824034334765                               -64.244617637275667
13.877968526466381                               -64.303844953888131
13.879113018597998                               -64.362748522807976
13.880257510729614                               -64.421331368340944
13.881402002861231                               -64.479596469117723
13.882546494992848                               -64.537546759053228
13.883690987124464                               -64.595185128283518
13.884835479256081                               -64.652514424074397
13.885979971387696                               -64.709537451709537
13.887124463519314                               -64.766256975351652
13.888268955650931                               -64.822675718883659
13.889413447782546                               -64.878796366727556
13.890557939914164                               -64.934621564639130
13.891702432045781                               -64.990153920487884
13.892846924177396                               -65.045396005011412
13.893991416309014                               -65.100350352553463
13.895135908440629                               -65.155019461782516
13.896280400572246                               -65.209405796393199
13.897424892703864                               -65.263511785788012
13.898569384835479                               -65.317339825744767
13.899713876967096                               -65.370892279065146
13.900858369098714                               -65.424171476208230
13.902002861230329                               -65.477179715909415
13.903147353361947                               -65.529919265781984
13.904291845493562                               -65.582392362906774
13.905436337625179                               -65.634601214404995
13.906580829756797                               -65.686547997999440
13.907725321888412                               -65.738234862561157
13.908869814020029                               -65.789663928643321
13.910014306151645                               -65.840837289002295
13.911158798283262                               -65.891757009107550
13.912303290414879                               -65.942425127637662
13.913447782546495                               -65.992843656966727
13.914592274678112                               -66.043014583638865
13.915736766809729                               -66.092939868830925
13.916881258941345                               -66.142621448805542
13.918025751072962                               -66.192061235353904
13.919170243204578                               -66.241261116228372
13.920314735336195                               -66.290222955564559
13.921459227467812                               -66.338948594294408
13.922603719599428                               -66.387439850551274
13.923748211731045                               -66.435698520063553
13.924892703862662                               -66.483726376542151
13.926037195994278                               -66.531525172056860
13.927181688125895                               -66.579096637407119
13.928326180257510                               -66.626442482482545
13.929470672389128                               -66.673564396616655
13.930615164520745                               -66.720464048933238
13.931759656652360                               -66.767143088683611
13.932904148783978                               -66.813603145579606
13.934048640915593                               -66.859845830116072
13.935193133047211                               -66.905872733889282
13.936337625178828                               -66.951685429906831
13.937482117310443                               -66.997285472892102
13.938626609442061                               -67.042674399581742
13.939771101573678                               -67.087853729017368
13.940915593705293                               -67.132824962830824
13.942060085836911                               -67.177589585524117
13.943204577968526                               -67.222149064742567
13.944349070100143                               -67.266504851544084
13.945493562231761                               -67.310658380661110
13.946638054363376                               -67.354611070757912
13.947782546494993                               -67.398364324684024
13.948927038626611                               -67.441919529720650
13.950071530758226                               -67.485278057822512
13.951216022889843                               -67.528441265855989
13.952360515021459                               -67.571410495831600
13.953505007153076                               -67.614187075132463
13.954649499284693                               -67.656772316737403
13.955793991416309                               -67.699167519440579
13.956938483547926                               -67.741373968066497
13.958082975679542                               -67.783392933680588
13.959227467811159                               -67.825225673796979
13.960371959942776                               -67.866873432579354
13.961516452074392                               -67.908337441041866
13.962660944206009                               -67.949618917243029
13.963805436337626                               -67.990719066478064
13.964949928469242                               -68.031639081465428
13.966094420600859                               -68.072380142532069
13.967238912732475                               -68.112943417794753
13.968383404864092                               -68.153330063335773
13.969527896995709                               -68.193541223378347
13.970672389127325                               -68.233578030457366
13.971816881258942                               -68.273441605586527
13.972961373390559                               -68.313133058424356
13.974105865522175                               -68.352653487434210
13.975250357653792                               -68.392003980043995
13.976394849785407                               -68.431185612801755
13.977539341917025                               -68.470199451529140
13.978683834048642                               -68.509046551470519
13.979828326180257                               -68.547727957441580
13.980972818311875                               -68.586244703973904
13.982117310443490                               -68.624597815457534
13.983261802575107                               -68.662788306280063
13.984406294706725                               -68.700817180965018
13.985550786838340                               -68.738685434306007
13.986695278969957                               -68.776394051500077
13.987839771101575                               -68.813944008276678
13.988984263233190                               -68.851336271026810
13.990128755364807                               -68.888571796928986
13.991273247496423                               -68.925651534071250
13.992417739628040                               -68.962576421574752
13.993562231759658                               -68.999347389711076
13.994706723891273                               -69.035965360021478
13.995851216022890                               -69.072431245431119
13.996995708154508                               -69.108745950362135
13.998140200286123                               -69.144910370847143
13.999284692417740                               -69.180925394635963
14.000429184549356                               -69.216791901305882
14.001573676680973                               -69.252510762366313
14.002718168812590                               -69.288082841363462
14.003862660944206                               -69.323508993982742
14.005007153075823                               -69.358790068149744
14.006151645207439                               -69.393926904128676
14.007296137339056                               -69.428920334621537
14.008440629470673                               -69.463771184861614
14.009585121602289                               -69.498480272710225
14.010729613733906                               -69.533048408748101
14.011874105865523                               -69.567476396367155
14.013018597997139                               -69.601765031860637
14.014163090128756                               -69.635915104510801
14.015307582260371                               -69.669927396676613
14.016452074391989                               -69.703802683879744
14.017596566523606                               -69.737541734887060
14.018741058655221                               -69.771145311796033
14.019885550786839                               -69.804614170114149
14.021030042918456                               -69.837949058840408
14.022174535050071                               -69.871150720544676
14.023319027181689                               -69.904219891444598
14.024463519313304                               -69.937157301482827
14.025608011444922                               -69.969963674402280
14.026752503576539                               -70.002639727820934
14.027896995708154                               -70.035186173303586
14.029041487839772                               -70.067603716436182
14.030185979971387                               -70.099893056894288
14.031330472103004                               -70.132054888514190
14.032474964234622                               -70.164089899362182
14.033619456366237                               -70.195998771801158
14.034763948497854                               -70.227782182557675
14.035908440629472                               -70.259440802788035
14.037052932761087                               -70.290975298142712
14.038197424892704                               -70.322386328830362
14.039341917024320                               -70.353674549680363
14.040486409155937                               -70.384840610204492
14.041630901287554                               -70.415885154658625
14.042775393419170                               -70.446808822102312
14.043919885550787                               -70.477612246457625
14.045064377682403                               -70.508296056568341
14.046208869814020                               -70.538860876256265
14.047353361945637                               -70.569307324379722
14.048497854077253                               -70.599636014886727
14.049642346208870                               -70.629847556872420
14.050786838340487                               -70.659942554631769
14.051931330472103                               -70.689921607713529
14.053075822603720                               -70.719785310973322
14.054220314735336                               -70.749534254624280
14.055364806866953                               -70.779169024289558
14.056509298998570                               -70.808690201052414
14.057653791130186                               -70.838098361504834
14.058798283261803                               -70.867394077798664
14.059942775393420                               -70.896577917691829
14.061087267525036                               -70.925650444597210
14.062231759656653                               -70.954612217629688
14.063376251788268                               -70.983463791651275
14.064520743919886                               -71.012205717318665
14.065665236051503                               -71.040838541126718
14.066809728183118                               -71.069362805453238
14.067954220314736                               -71.097779048603712
14.069098712446351                               -71.126087804853242
14.070243204577968                               -71.154289604490401
14.071387696709586                               -71.182384973857594
14.072532188841201                               -71.210374435394783
14.073676680972818                               -71.238258507678609
14.074821173104436                               -71.266037705463475
14.075965665236051                               -71.293712539721213
14.077110157367668                               -71.321283517680328
14.078254649499284                               -71.348751142865240
14.079399141630901                               -71.376115915133269
14.080543633762518                               -71.403378330714332
14.081688125894134                               -71.430538882246168
14.082832618025751                               -71.457598058811939
14.083977110157369                               -71.484556345976955
14.085121602288984                               -71.511414225823870
14.086266094420601                               -71.538172176987985
14.087410586552217                               -71.564830674691578
14.088555078683834                               -71.591390190780274
14.089699570815451                               -71.617851193754035
14.090844062947067                               -71.644214148803115
14.091988555078684                               -71.670479517839979
14.093133047210300                               -71.696647759532482
14.094277539341917                               -71.722719329334993
14.095422031473534                               -71.748694679521677
14.096566523605150                               -71.774574259216791
14.097711015736767                               -71.800358514426307
14.098855507868384                               -71.826047888067990
14.100000000000000                               -71.851642820002027
