13.300000000000001                               -73.323123522824972
13.301144492131616                               -73.231646907621553
13.302288984263233                               -73.139247513684197
13.303433476394849                               -73.045916443113470
13.304577968526466                               -72.951644636872800
13.305722460658084                               -72.856422870054217
13.306866952789699                               -72.760241747002198
13.308011444921316                               -72.663091696225081
13.309155937052934                               -72.564962965145540
13.310300429184549                               -72.465845614628648
13.311444921316166                               -72.365729513328048
13.312589413447782                               -72.264604331790792
13.313733905579399                               -72.162459536363855
13.314878397711016                               -72.059284382844780
13.316022889842632                               -71.955067909897053
13.317167381974249                               -71.849798932207975
13.318311874105866                               -71.743466033375313
13.319456366237482                               -71.636057558515475
13.320600858369099                               -71.527561606570941
13.321745350500715                               -71.417966022322673
13.322889842632332                               -71.307258388058841
13.324034334763949                               -71.195426014928401
13.325178826895565                               -71.082455933920556
13.326323319027182                               -70.968334886478374
13.327467811158797                               -70.853049314731805
13.328612303290415                               -70.736585351293485
13.329756795422032                               -70.618928808657031
13.330901287553647                               -70.500065168110780
13.332045779685265                               -70.379979568205385
13.333190271816882                               -70.258656792681634
13.334334763948497                               -70.136081257911485
13.335479256080115                               -70.012236999759622
13.336623748211730                               -69.887107659864171
13.337768240343348                               -69.760676471299718
13.338912732474965                               -69.632926243599115
13.340057224606580                               -69.503839347077957
13.341201716738198                               -69.373397696440605
13.342346208869813                               -69.241582733622025
13.343490701001430                               -69.108375409821321
13.344635193133048                               -68.973756166678100
13.345779685264663                               -68.837704916550720
13.346924177396280                               -68.700201021832527
13.348068669527898                               -68.561223273261888
13.349213161659513                               -68.420749867149382
13.350357653791130                               -68.278758381480529
13.351502145922746                               -68.135225750795939
13.352646638054363                               -67.990128239801294
13.353791130185980                               -67.843441415615317
13.354935622317596                               -67.695140118559493
13.356080114449213                               -67.545198431419607
13.357224606580830                               -67.393589647064573
13.358369098712446                               -67.240286234320635
13.359513590844063                               -67.085259801977372
13.360658082975679                               -66.928481060821923
13.361802575107296                               -66.769919783540274
13.362947067238913                               -66.609544762366070
13.364091559370529                               -66.447323764301061
13.365236051502146                               -66.283223483750703
13.366380543633761                               -66.117209492381463
13.367525035765379                               -65.949246186009418
13.368669527896996                               -65.779296728298860
13.369814020028612                               -65.607322991037677
13.370958512160229                               -65.433285490729602
13.372103004291846                               -65.257143321240235
13.373247496423462                               -65.078854082171901
13.374391988555079                               -64.898373802654305
13.375536480686694                               -64.715656860180459
13.376680972818312                               -64.530655894106388
13.377825464949929                               -64.343321713350988
13.378969957081544                               -64.153603197868719
13.380114449213162                               -63.961447193328453
13.381258941344779                               -63.766798398464211
13.382403433476394                               -63.569599244436780
13.383547925608012                               -63.369789765541988
13.384692417739627                               -63.167307460476387
13.385836909871244                               -62.962087143332610
13.386981402002862                               -62.754060783374477
13.388125894134477                               -62.543157332567205
13.389270386266094                               -62.329302539704912
13.390414878397710                               -62.112418749846157
13.391559370529327                               -61.892424687654930
13.392703862660944                               -61.669235223034200
13.393848354792560                               -61.442761117275886
13.394992846924177                               -61.212908747753936
13.396137339055795                               -60.979579808898777
13.397281831187410                               -60.742670986970495
13.398426323319027                               -60.502073605776154
13.399570815450643                               -60.257673240160720
13.400715307582260                               -60.009349293641833
13.401859799713877                               -59.756974536110043
13.403004291845493                               -59.500414596932949
13.404148783977110                               -59.239527408164385
13.405293276108727                               -58.974162591819436
13.406437768240343                               -58.704160784265909
13.407582260371960                               -58.429352889810488
13.408726752503576                               -58.149559254294431
13.409871244635193                               -57.864588748151291
13.411015736766810                               -57.574237746679927
13.412160228898426                               -57.278288993308365
13.413304721030043                               -56.976510329285247
13.414449213161658                               -56.668653270404349
13.415593705293276                               -56.354451408005389
13.416738197424893                               -56.033618607445554
13.417882689556508                               -55.705846972309118
13.419027181688126                               -55.370804536678321
13.420171673819743                               -55.028132640497759
13.421316165951358                               -54.677442934144395
13.422460658082976                               -54.318313947284253
13.423605150214591                               -53.950287143437670
13.424749642346208                               -53.572862364593981
13.425894134477826                               -53.185492548801392
13.427038626609441                               -52.787577576533025
13.428183118741059                               -52.378457067108933
13.429327610872676                               -51.957401902162566
13.430472103004291                               -51.523604195808929
13.431616595135909                               -51.076165356424887
13.432761087267524                               -50.614081786455003
13.433905579399141                               -50.136227635773238
13.435050071530759                               -49.641333848157672
13.436194563662374                               -49.127962501360820
13.437339055793991                               -48.594475112230391
13.438483547925607                               -48.038993119694737
13.439628040057224                               -47.459348109634412
13.440772532188841                               -46.853018413526250
13.441917024320457                               -46.217047350201128
13.443061516452074                               -45.547936350455309
13.444206008583691                               -44.841503117312996
13.445350500715307                               -44.092690169789314
13.446494992846924                               -43.295301443307189
13.447639484978540                               -42.441632001460867
13.448783977110157                               -41.521934477303908
13.449928469241774                               -40.523628065900468
13.451072961373390                               -39.430086349872340
13.452217453505007                               -38.218705863267431
13.453361945636624                               -36.857682465434067
13.454506437768240                               -35.300322406874542
13.455650929899857                               -33.474303738178676
13.456795422031472                               -31.259729418442255
13.457939914163090                               -28.440530652345579
13.459084406294707                               -24.600449251148806
13.460228898426323                               -19.305714765592331
13.461373390557940                               -18.320177004196456
13.462517882689555                               -23.356652307405568
13.463662374821173                               -27.094309673051601
13.464806866952790                               -29.714812453108355
13.465951359084405                               -31.678935343807581
13.467095851216023                               -33.226589492982896
13.468240343347640                               -34.488906012646247
13.469384835479255                               -35.543894395422548
13.470529327610873                               -36.441336876704582
13.471673819742488                               -37.214800420542133
13.472818311874105                               -37.887922000625913
13.473962804005723                               -38.477933478939896
13.475107296137338                               -38.997755368527564
13.476251788268955                               -39.457301328026787
13.477396280400573                               -39.864324108372877
13.478540772532188                               -40.224983099213283
13.479685264663805                               -40.544236393067663
13.480829756795421                               -40.826118641029446
13.481974248927038                               -41.073942529646352
13.483118741058655                               -41.290448014822459
13.484263233190271                               -41.477915200708040
13.485407725321888                               -41.638251666841207
13.486552217453504                               -41.773061875558753
13.487696709585121                               -41.883704337242989
13.488841201716738                               -41.971341090265788
13.489985693848354                               -42.036983577642090
13.491130185979971                               -42.081539129831278
13.492274678111588                               -42.105863089591431
13.493419170243204                               -42.110823421076624
13.494563662374821                               -42.097388009912287
13.495708154506437                               -42.066750901342871
13.496852646638054                               -42.020524594468554
13.497997138769671                               -41.961045436038482
13.499141630901287                               -41.891876575561156
13.500286123032904                               -41.818664828806661
13.501430615164521                               -41.750647018987614
13.502575107296137                               -41.703358530514436
13.503719599427754                               -41.703439536704899
13.504864091559369                               -41.795677598517841
13.506008583690987                               -42.037946212218102
13.507153075822604                               -42.312993479628602
13.508297567954219                               -40.761211134547239
13.509442060085837                               -34.352469609222645
13.510586552217452                               -30.405562571466135
13.511731044349069                               -30.226522209025099
13.512875536480687                               -29.934056484094278
13.514020028612302                               -28.987827487083248
13.515164520743919                               -27.307132939126731
13.516309012875537                               -24.589645652850649
13.517453505007152                               -19.859981113444320
13.518597997138770                               -11.532327564158217
13.519742489270385                               -19.379107648664565
13.520886981402002                               -25.584178753413607
13.522031473533620                               -29.495115022598331
13.523175965665235                               -32.375813410383898
13.524320457796852                               -34.681481891461118
13.525464949928468                               -36.622178679107414
13.526609442060085                               -38.311908624843845
13.527753934191702                               -39.819620501421198
13.528898426323318                               -41.190383058013680
13.530042918454935                               -42.455458482026941
13.531187410586552                               -43.637598780281721
13.532331902718168                               -44.754054590289115
13.533476394849785                               -45.818395320041851
13.534620886981401                               -46.841671293114040
13.535765379113018                               -47.833193694557295
13.536909871244635                               -48.801085040717524
13.538054363376251                               -49.752689989620656
13.539198855507868                               -50.694902915189488
13.540343347639485                               -51.634450845292733
13.541487839771101                               -52.578161562977300
13.542632331902718                               -53.533243955155470
13.543776824034333                               -54.507610217919975
13.544921316165951                               -55.510278131663426
13.546065808297568                               -56.551909247355070
13.547210300429184                               -57.645572083481511
13.548354792560801                               -58.807882480668781
13.549499284692416                               -60.060797478106529
13.550643776824034                               -61.434598579614743
13.551788268955651                               -62.973185593746464
13.552932761087266                               -64.744258985586384
13.554077253218884                               -66.861095104008044
13.555221745350501                               -69.536594986711265
13.556366237482116                               -73.252250425413706
13.557510729613734                               -79.570086230455274
13.558655221745349                               -99.058109928952035
13.559799713876966                               -78.951319676024497
13.560944206008584                               -73.228427598593825
13.562088698140199                               -69.841568014008914
13.563233190271816                               -67.428978890385395
13.564377682403434                               -65.550279950867520
13.565522174535049                               -64.006763145577722
13.566666666666666                               -62.691650736033367
13.567811158798282                               -61.540884157445888
13.568955650929899                               -60.512973232667889
13.570100143061516                               -59.579473322957206
13.571244635193132                               -58.720001387934047
13.572389127324749                               -57.919418989709328
13.573533619456365                               -57.166141015219154
13.574678111587982                               -56.451069373483620
13.575822603719599                               -55.766892780552759
13.576967095851215                               -55.107610648242428
13.578111587982832                               -54.468199272813116
13.579256080114449                               -53.844371166559625
13.580400572246065                               -53.232396885125802
13.581545064377682                               -52.628969596912725
13.582689556509298                               -52.031099254811792
13.583834048640915                               -51.436027346372214
13.584978540772532                               -50.841155802533251
13.586123032904148                               -50.243985298631308
13.587267525035765                               -49.642059209496281
13.588412017167382                               -49.032910070447819
13.589556509298998                               -48.414005648986517
13.590701001430615                               -47.782691690164583
13.591845493562230                               -47.136128054430699
13.592989985693848                               -46.471214262455085
13.594134477825465                               -45.784499273212738
13.595278969957080                               -45.072068427940451
13.596423462088698                               -44.329397510402174
13.597567954220313                               -43.551159140076280
13.598712446351930                               -42.730959056604398
13.599856938483548                               -41.860967134017564
13.601001430615163                               -40.931386140276722
13.602145922746780                               -39.929662345508632
13.603290414878398                               -38.839269475640293
13.604434907010013                               -37.637754543249173
13.605579399141631                               -36.293433833768638
13.606723891273246                               -34.759445124472570
13.607868383404863                               -32.962152378829607
13.609012875536481                               -30.776039076434536
13.610157367668096                               -27.960913170364584
13.611301859799713                               -23.969041057908139
13.612446351931331                               -17.217537840121196
13.613590844062946                               -13.514507598056564
13.614735336194563                               -21.738163764944861
13.615879828326179                               -26.314741773263997
13.617024320457796                               -29.351685268379732
13.618168812589413                               -31.657995171255990
13.619313304721029                               -33.582490027918325
13.620457796852646                               -35.336471763306768
13.621602288984262                               -37.100495618501135
13.622746781115879                               -38.965340921800944
13.623891273247496                               -39.398792377423234
13.625035765379112                               -34.990788157240814
13.626180257510729                               -33.683566473951657
13.627324749642346                               -34.830689746301864
13.628469241773962                               -35.930854573925345
13.629613733905579                               -36.789066889818997
13.630758226037194                               -37.469003943289167
13.631902718168812                               -38.023362026824614
13.633047210300429                               -38.485111096020312
13.634191702432044                               -38.874953617952372
13.635336194563662                               -39.206420233117171
13.636480686695279                               -39.488724730260401
13.637625178826895                               -39.728360142124679
13.638769670958512                               -39.930021245612714
13.639914163090127                               -40.097158907692318
13.641058655221745                               -40.232325460665692
13.642203147353362                               -40.337396441471185
13.643347639484977                               -40.413716049903471
13.644492131616595                               -40.462193488039645
13.645636623748210                               -40.483366192898487
13.646781115879827                               -40.477439562215245
13.647925608011445                               -40.444308913619224
13.649070100143060                               -40.383566957716077
13.650214592274677                               -40.294498368275278
13.651359084406295                               -40.176061720760401
13.652503576537910                               -40.026857894115658
13.653648068669527                               -39.845082791652594
13.654792560801143                               -39.628460734925156
13.655937052932760                               -39.374152867657564
13.657081545064377                               -39.078632005386631
13.658226037195993                               -38.737510987475027
13.659370529327610                               -38.345304725350687
13.660515021459227                               -37.895095012644397
13.661659513590843                               -37.378048487638893
13.662804005722460                               -36.782705617433422
13.663948497854076                               -36.093899558870703
13.665092989985693                               -35.291051533015661
13.666237482117310                               -34.345364229041039
13.667381974248926                               -33.214954694708005
13.668526466380543                               -31.835872704509747
13.669670958512159                               -30.104279357963168
13.670815450643776                               -27.838418377149893
13.671959942775393                               -24.698589595287661
13.673104434907009                               -20.211050202825827
13.674248927038626                               -17.666675923279605
13.675393419170243                               -22.489698395912615
13.676537911301859                               -26.860306982124861
13.677682403433476                               -30.030582409379910
13.678826895565093                               -32.477354018504585
13.679971387696709                               -34.470290243464746
13.681115879828328                               -36.156394160514068
13.682260371959941                               -37.622210727044475
13.683404864091560                               -38.922450667670610
13.684549356223176                               -40.093740583595164
13.685693848354793                               -41.161747144942666
13.686838340486409                               -42.145132446109756
13.687982832618026                               -43.057882201500988
13.689127324749641                               -43.910744840906631
13.690271816881260                               -44.712158374979829
13.691416309012874                               -45.468868552882086
13.692560801144493                               -46.186353651812368
13.693705293276107                               -46.869124043509778
13.694849785407726                               -47.520938283071033
13.695994277539342                               -48.144962115697339
13.697138769670959                               -48.743887563679550
13.698283261802574                               -49.320023531993996
13.699427753934193                               -49.875365726452287
13.700572246065807                               -50.411651301297752
13.701716738197426                               -50.930402069287567
13.702861230329040                               -51.432959030703799
13.704005722460659                               -51.920510233323924
13.705150214592276                               -52.394113451760447
13.706294706723892                               -52.854714801206839
13.707439198855509                               -53.303164130375798
13.708583690987126                               -53.740227840528050
13.709728183118742                               -54.166599630879652
13.710872675250359                               -54.582909560725128
13.712017167381974                               -54.989731735561953
13.713161659513592                               -55.387590860910478
13.714306151645209                               -55.776967858642969
13.715450643776824                               -56.158304702601278
13.716595135908442                               -56.532008600463001
13.717739628040059                               -56.898455625429449
13.718884120171674                               -57.257993882553151
13.720028612303292                               -57.610946279706148
13.721173104434907                               -57.957612961146367
13.722317596566525                               -58.298273451998256
13.723462088698142                               -58.633188554015014
13.724606580829757                               -58.962602026587987
13.725751072961375                               -59.286742081706699
13.726895565092990                               -59.605822717070112
13.728040057224607                               -59.920044908096372
13.729184549356225                               -60.229597676417946
13.730329041487840                               -60.534659050003143
13.731473533619457                               -60.835396927894941
13.732618025751075                               -61.131969860768820
13.733762517882690                               -61.424527757028962
13.734907010014307                               -61.713212522830986
13.736051502145923                               -61.998158643385814
13.737195994277540                               -62.279493711909204
13.738340486409157                               -62.557338911835544
13.739484978540773                               -62.831809457167338
13.740629470672390                               -63.103014995320841
13.741773962804007                               -63.371059976222881
13.742918454935623                               -63.636043991040140
13.744062947067240                               -63.898062083528337
13.745207439198856                               -64.157205036598910
13.746351931330473                               -64.413559636499983
13.747496423462090                               -64.667208916651219
13.748640915593706                               -64.918232383036354
13.749785407725323                               -65.166706222797131
13.750929899856938                               -65.412703497530501
13.752074391988556                               -65.656294322639965
13.753218884120173                               -65.897546033916555
13.754363376251789                               -66.136523342473794
13.755507868383406                               -66.373288478975766
13.756652360515023                               -66.607901328073027
13.757796852646639                               -66.840419553828553
13.758941344778256                               -67.070898716858395
13.760085836909871                               -67.299392383854496
13.761230329041489                               -67.525952230064533
13.762374821173106                               -67.750628135308503
13.763519313304721                               -67.973468273979876
13.764663805436339                               -68.194519199518183
13.765808297567956                               -68.413825923756718
13.766952789699571                               -68.631431991496342
13.768097281831189                               -68.847379550694498
13.769241773962804                               -69.061709418542534
13.770386266094421                               -69.274461143754081
13.771530758226039                               -69.485673065294463
13.772675250357654                               -69.695382367843905
13.773819742489271                               -69.903625134163633
13.774964234620887                               -70.110436394618930
13.776108726752504                               -70.315850174024533
13.777253218884121                               -70.519899535996061
13.778397711015737                               -70.722616624976752
13.779542203147354                               -70.924032706070108
13.780686695278971                               -71.124178202839573
13.781831187410587                               -71.323082733211095
13.782975679542204                               -71.520775143545308
13.784120171673820                               -71.717283541071851
13.785264663805437                               -71.912635324725485
13.786409155937054                               -72.106857214495108
13.787553648068670                               -72.299975279401693
13.788698140200287                               -72.492014964147842
13.789842632331904                               -72.683001114550947
13.790987124463520                               -72.872958001811611
13.792131616595137                               -73.061909345691106
13.793276108726753                               -73.249878336677256
13.794420600858370                               -73.436887657145050
13.795565092989987                               -73.622959501650925
13.796709585121603                               -73.808115596338254
13.797854077253220                               -73.992377217523156
13.798998569384835                               -74.175765209563878
13.800143061516453                               -74.358300001913761
13.801287553648070                               -74.540001625598379
13.802432045779685                               -74.720889728962860
13.803576537911303                               -74.900983592855525
13.804721030042920                               -75.080302145208179
13.805865522174535                               -75.258863975092027
13.807010014306153                               -75.436687346237875
13.808154506437768                               -75.613790210093228
13.809298998569385                               -75.790190218386030
13.810443490701003                               -75.965904735281669
13.811587982832618                               -76.140950849111903
13.812732474964236                               -76.315345383715481
13.813876967095853                               -76.489104909425890
13.815021459227468                               -76.662245753679571
13.816165951359086                               -76.834784011322185
13.817310443490701                               -77.006735554595537
13.818454935622318                               -77.178116042841410
13.819599427753936                               -77.348940931883590
13.820743919885551                               -77.519225483222399
13.821888412017168                               -77.688984772932969
13.823032904148784                               -77.858233700321648
13.824177396280401                               -78.026986996422011
13.825321888412018                               -78.195259232216443
13.826466380543634                               -78.363064826725378
13.827610872675251                               -78.530418054889466
13.828755364806868                               -78.697333055268473
13.829899856938484                               -78.863823837627649
13.831044349070101                               -79.029904290345911
13.832188841201717                               -79.195588187677956
13.833333333333334                               -79.360889196948975
13.834477825464951                               -79.525820885551767
13.835622317596567                               -79.690396727934228
13.836766809728184                               -79.854630112395910
13.837911301859799                               -80.018534347885449
13.839055793991417                               -80.182122670654593
13.840200286123034                               -80.345408250887289
13.841344778254649                               -80.508404199227670
13.842489270386267                               -80.671123573321410
13.843633762517884                               -80.833579384243791
13.844778254649500                               -80.995784602943473
13.845922746781117                               -81.157752166645338
13.847067238912732                               -81.319494985231501
13.848211731044350                               -81.481025947606881
13.849356223175967                               -81.642357928093944
13.850500715307582                               -81.803503792831762
13.851645207439200                               -81.964476406121264
13.852789699570817                               -82.125288636921553
13.853934191702432                               -82.285953365249725
13.855078683834050                               -82.446483488717092
13.856223175965665                               -82.606891929089997
13.857367668097282                               -82.767191638849795
13.858512160228900                               -82.927395607948441
13.859656652360515                               -83.087516870511195
13.860801144492132                               -83.247568511683141
13.861945636623748                               -83.407563674621500
13.863090128755365                               -83.567515567521269
13.864234620886982                               -83.727437470741307
13.865379113018598                               -83.887342744164513
13.866523605150215                               -84.047244834622262
13.867668097281832                               -84.207157283452347
13.868812589413448                               -84.367093734279138
13.869957081545065                               -84.527067940905894
13.871101573676681                               -84.687093775469492
13.872246065808298                               -84.847185236731264
13.873390557939915                               -85.007356458599915
13.874535050071531                               -85.167621718900364
13.875679542203148                               -85.327995448383291
13.876824034334765                               -85.488492239963705
13.877968526466381                               -85.649126858298516
13.879113018597998                               -85.809914249602457
13.880257510729614                               -85.970869551800334
13.881402002861231                               -86.132008105034217
13.882546494992848                               -86.293345462448144
13.883690987124464                               -86.454897401494648
13.884835479256081                               -86.616679935460738
13.885979971387696                               -86.778709325542835
13.887124463519314                               -86.941002093371452
13.888268955650931                               -87.103575033891246
13.889413447782546                               -87.266445228918030
13.890557939914164                               -87.429630061081909
13.891702432045781                               -87.593147228434361
13.892846924177396                               -87.757014759639702
13.893991416309014                               -87.921251029736396
13.895135908440629                               -88.085874776672952
13.896280400572246                               -88.250905118569875
13.897424892703864                               -88.416361571607197
13.898569384835479                               -88.582264068916345
13.899713876967096                               -88.748632980190735
13.900858369098714                               -88.915489132297722
13.902002861230329                               -89.082853830808361
13.903147353361947                               -89.250748882644046
13.904291845493562                               -89.419196619749215
13.905436337625179                               -89.588219923951016
13.906580829756797                               -89.757842253217817
13.907725321888412                               -89.928087668953964
13.908869814020029                               -90.098980865078516
13.910014306151645                               -90.270547198364142
13.911158798283262                               -90.442812720492540
13.912303290414879                               -90.615804211861061
13.913447782546495                               -90.789549217236953
13.914592274678112                               -90.964076083389500
13.915736766809729                               -91.139413998784548
13.916881258941345                               -91.315593035699649
13.918025751072962                               -91.492644194666127
13.919170243204578                               -91.670599451526016
13.920314735336195                               -91.849491807372502
13.921459227467812                               -92.029355341452799
13.922603719599428                               -92.210225267329307
13.923748211731045                               -92.392137992540313
13.924892703862662                               -92.575131182024762
13.926037195994278                               -92.759243825592876
13.927181688125895                               -92.944516309772922
13.928326180257510                               -93.130990494435068
13.929470672389128                               -93.318709794384844
13.930615164520745                               -93.507719266718283
13.931759656652360                               -93.698065703900596
13.932904148783978                               -93.889797733650255
13.934048640915593                               -94.082965925487102
13.935193133047211                               -94.277622905374315
13.936337625178828                               -94.473823478389107
13.937482117310443                               -94.671624760546393
13.938626609442061                               -94.871086320698168
13.939771101573678                               -95.072270333077867
13.940915593705293                               -95.275241741700611
13.942060085836911                               -95.480068437864816
13.943204577968526                               -95.686821451643567
13.944349070100143                               -95.895575159265434
13.945493562231761                               -96.106407507414303
13.946638054363376                               -96.319400256500259
13.947782546494993                               -96.534639244960502
13.948927038626611                               -96.752214676314154
13.950071530758226                               -96.972221431915159
13.951216022889843                               -97.194759411933532
13.952360515021459                               -97.419933907761447
13.953505007153076                               -97.647856009281426
13.954649499284693                               -97.878643051228252
13.955793991416309                               -98.112419102928087
13.956938483547926                               -98.349315506990393
13.958082975679542                               -98.589471472468404
13.959227467811159                               -98.833034729354679
13.960371959942776                               -99.080162252994413
13.961516452074392                               -99.331021065978220
13.962660944206009                               -99.585789129309973
13.963805436337626                               -99.844656333956564
13.964949928469242                              -100.107825607275828
13.966094420600859                              -100.375514150237706
13.967238912732475                              -100.647954824884380
13.968383404864092                              -100.925397714139322
13.969527896995709                              -101.208111880354949
13.970672389127325                              -101.496387354150940
13.971816881258942                              -101.790537389988813
13.972961373390559                              -102.090901033466508
13.974105865522175                              -102.397846052674481
13.975250357653792                              -102.711772298243318
13.976394849785407                              -103.033115568477527
13.977539341917025                              -103.362352074861434
13.978683834048642                              -103.700003621970595
13.979828326180257                              -104.046643645090327
13.980972818311875                              -104.402904279783542
13.982117310443490                              -104.769484684967324
13.983261802575107                              -105.147160893673743
13.984406294706725                              -105.536797542315071
13.985550786838340                              -105.939361924600263
13.986695278969957                              -106.355940946234355
13.987839771101575                              -106.787761728907768
13.988984263233190                              -107.236216849492024
13.990128755364807                              -107.702895523361875
13.991273247496423                              -108.189622495309095
13.992417739628040                              -108.698507041534612
13.993562231759658                              -109.232005411079300
13.994706723891273                              -109.793001382561073
13.995851216022890                              -110.384911632458525
13.996995708154508                              -111.011825679400658
13.998140200286123                              -111.678694975071750
13.999284692417740                              -112.391593400564815
14.000429184549356                              -113.158084152912721
14.001573676680973                              -113.987749756187242
14.002718168812590                              -114.892980645420664
14.003862660944206                              -115.890189875553489
14.005007153075823                              -117.001763317070157
14.006151645207439                              -118.259352181514657
14.007296137339056                              -119.709790107284491
14.008440629470673                              -121.426609240465027
14.009585121602289                              -123.534942873134682
14.010729613733906                              -126.273809696080434
14.011874105865523                              -130.188398067276694
14.013018597997139                              -136.891985775941492
14.014163090128756                              -141.177565212652610
14.015307582260371                              -132.594864288184652
14.016452074391989                              -127.946308897155859
14.017596566523606                              -124.923587244515630
14.018741058655221                              -122.699328150166892
14.019885550786839                              -120.945812963557302
14.021030042918456                              -119.502087566497551
14.022174535050071                              -118.277510592170486
14.023319027181689                              -117.216072143078634
14.024463519313304                              -116.280765877039755
14.025608011444922                              -115.445873625737448
14.026752503576539                              -114.692801579087828
14.027896995708154                              -114.007672989798863
14.029041487839772                              -113.379857900825215
14.030185979971387                              -112.801034042142248
14.031330472103004                              -112.264564233077735
14.032474964234622                              -111.765070411269562
14.033619456366237                              -111.298134220803021
14.034763948497854                              -110.860081581178321
14.035908440629472                              -110.447824478587478
14.037052932761087                              -110.058742663625026
14.038197424892704                              -109.690593760430659
14.039341917024320                              -109.341443973291376
14.040486409155937                              -109.009613979598598
14.041630901287554                              -108.693636180593018
14.042775393419170                              -108.392220566244333
14.043919885550787                              -108.104227191637449
14.045064377682403                              -107.828643786042591
14.046208869814020                              -107.564567387229602
14.047353361945637                              -107.311189162923299
14.048497854077253                              -107.067781778125678
14.049642346208870                              -106.833688812861922
14.050786838340487                              -106.608315842385210
14.051931330472103                              -106.391122878004808
14.053075822603720                              -106.181617924860035
14.054220314735336                              -105.979351465436963
14.055364806866953                              -105.783911713627617
14.056509298998570                              -105.594920513100988
14.057653791130186                              -105.412029778333519
14.058798283261803                              -105.234918394262877
14.059942775393420                              -105.063289505304425
14.061087267525036                              -104.896868136442961
14.062231759656653                              -104.735399099120144
14.063376251788268                              -104.578645141473203
14.064520743919886                              -104.426385309878754
14.065665236051503                              -104.278413493399654
14.066809728183118                              -104.134537126842503
14.067954220314736                              -103.994576032850745
14.069098712446351                              -103.858361384444834
14.070243204577968                              -103.725734774669206
14.071387696709586                              -103.596547378870824
14.072532188841201                              -103.470659200067473
14.073676680972818                              -103.347938386625430
14.074821173104436                              -103.228260615004331
14.075965665236051                              -103.111508529524670
14.077110157367668                              -102.997571233555064
14.078254649499284                              -102.886343825973213
14.079399141630901                              -102.777726978762018
14.080543633762518                              -102.671626550829615
14.081688125894134                              -102.567953234964904
14.082832618025751                              -102.466622234093236
14.083977110157369                              -102.367552964351631
14.085121602288984                              -102.270668781910402
14.086266094420601                              -102.175896731913070
14.087410586552217                              -102.083167316867332
14.088555078683834                              -101.992414282817435
14.089699570815451                              -101.903574422027873
14.090844062947067                              -101.816587390324798
14.091988555078684                              -101.731395537806009
14.093133047210300                              -101.647943751981344
14.094277539341917                              -101.566179312184289
14.095422031473534                              -101.486051754181489
14.096566523605150                              -101.407512744133953
14.097711015736767                              -101.330515961438550
14.098855507868384                              -101.255016989406798
14.100000000000000                              -101.180973213159987
