13.300000000000001                               -53.170780481328322
13.301144492131616                               -53.085337861006920
13.302288984263233                               -52.999420024871846
13.303433476394849                               -52.913021248353786
13.304577968526466                               -52.826135689882811
13.305722460658084                               -52.738757387591008
13.306866952789699                               -52.650880255893817
13.308011444921316                               -52.562498081949734
13.309155937052934                               -52.473604521980448
13.310300429184549                               -52.384193097459182
13.311444921316166                               -52.294257191153086
13.312589413447782                               -52.203790043012823
13.313733905579399                               -52.112784745901621
13.314878397711016                               -52.021234241170006
13.316022889842632                               -51.929131314040035
13.317167381974249                               -51.836468588821006
13.318311874105866                               -51.743238523928056
13.319456366237482                               -51.649433406702563
13.320600858369099                               -51.555045348026496
13.321745350500715                               -51.460066276703657
13.322889842632332                               -51.364487933626833
13.324034334763949                               -51.268301865691079
13.325178826895565                               -51.171499419452530
13.326323319027182                               -51.074071734521411
13.327467811158797                               -50.976009736673461
13.328612303290415                               -50.877304130658452
13.329756795422032                               -50.777945392704702
13.330901287553647                               -50.677923762683612
13.332045779685265                               -50.577229235938404
13.333190271816882                               -50.475851554732351
13.334334763948497                               -50.373780199329360
13.335479256080115                               -50.271004378648030
13.336623748211730                               -50.167513020499257
13.337768240343348                               -50.063294761362158
13.338912732474965                               -49.958337935680497
13.340057224606580                               -49.852630564654120
13.341201716738198                               -49.746160344488992
13.342346208869813                               -49.638914634078155
13.343490701001430                               -49.530880442084857
13.344635193133048                               -49.422044413379510
13.345779685264663                               -49.312392814803296
13.346924177396280                               -49.201911520210629
13.348068669527898                               -49.090585994750214
13.349213161659513                               -48.978401278333259
13.350357653791130                               -48.865341968241765
13.351502145922746                               -48.751392200812589
13.352646638054363                               -48.636535632153645
13.353791130185980                               -48.520755417813433
13.354935622317596                               -48.404034191348032
13.356080114449213                               -48.286354041698999
13.357224606580830                               -48.167696489311254
13.358369098712446                               -48.048042460906018
13.359513590844063                               -47.927372262806088
13.360658082975679                               -47.805665552727064
13.361802575107296                               -47.682901309906825
13.362947067238913                               -47.559057803480954
13.364091559370529                               -47.434112558946822
13.365236051502146                               -47.308042322600386
13.366380543633761                               -47.180823023788804
13.367525035765379                               -47.052429734804583
13.368669527896996                               -46.922836628261102
13.369814020028612                               -46.792016931732938
13.370958512160229                               -46.659942879474336
13.372103004291846                               -46.526585660961018
13.373247496423462                               -46.391915366011474
13.374391988555079                               -46.255900926218267
13.375536480686694                               -46.118510052368400
13.376680972818312                               -45.979709167539724
13.377825464949929                               -45.839463335483721
13.378969957081544                               -45.697736183913491
13.380114449213162                               -45.554489822248748
13.381258941344779                               -45.409684753311829
13.382403433476394                               -45.263279778468608
13.383547925608012                               -45.115231895578120
13.384692417739627                               -44.965496189129411
13.385836909871244                               -44.814025711804327
13.386981402002862                               -44.660771356668995
13.388125894134477                               -44.505681719084514
13.389270386266094                               -44.348702947332946
13.390414878397710                               -44.189778580836254
13.391559370529327                               -44.028849374701892
13.392703862660944                               -43.865853109217163
13.393848354792560                               -43.700724382681251
13.394992846924177                               -43.533394385833134
13.396137339055795                               -43.363790655871391
13.397281831187410                               -43.191836807821062
13.398426323319027                               -43.017452240702774
13.399570815450643                               -42.840551815643380
13.400715307582260                               -42.661045502642978
13.401859799713877                               -42.478837992306289
13.403004291845493                               -42.293828268293588
13.404148783977110                               -42.105909135660859
13.405293276108727                               -41.914966699538773
13.406437768240343                               -41.720879787799241
13.407582260371960                               -41.523519310368314
13.408726752503576                               -41.322747546720677
13.409871244635193                               -41.118417351746210
13.411015736766810                               -40.910371268606127
13.412160228898426                               -40.698440535280540
13.413304721030043                               -40.482443969305123
13.414449213161658                               -40.262186712450607
13.415593705293276                               -40.037458813916743
13.416738197424893                               -39.808033626675751
13.417882689556508                               -39.573665986875952
13.419027181688126                               -39.334090140472590
13.420171673819743                               -39.089017374179562
13.421316165951358                               -38.838133299177706
13.422460658082976                               -38.581094725327752
13.423605150214591                               -38.317526050237149
13.424749642346208                               -38.047015070972748
13.425894134477826                               -37.769108105128069
13.427038626609441                               -37.483304281474226
13.428183118741059                               -37.189048826465161
13.429327610872676                               -36.885725129328769
13.430472103004291                               -36.572645311981510
13.431616595135909                               -36.249038956275641
13.432761087267524                               -35.914039543730482
13.433905579399141                               -35.566668033433416
13.435050071530759                               -35.205812829453770
13.436194563662374                               -34.830205151936930
13.437339055793991                               -34.438388499432023
13.438483547925607                               -34.028680434025475
13.439628040057224                               -33.599124275508011
13.440772532188841                               -33.147427362606905
13.441917024320457                               -32.670881181687754
13.443061516452074                               -32.166256639674188
13.444206008583691                               -31.629664678239315
13.445350500715307                               -31.056367630335082
13.446494992846924                               -30.440519056454455
13.447639484978540                               -29.774797193359625
13.448783977110157                               -29.049875728604032
13.449928469241774                               -28.253637839456648
13.451072961373390                               -27.369969922226144
13.452217453505007                               -26.376837096512066
13.453361945636624                               -25.243067780366143
13.454506437768240                               -23.922674500849560
13.455650929899857                               -22.344126949858278
13.456795422031472                               -20.388419100906276
13.457939914163090                               -17.840489509202733
13.459084406294707                               -14.285224363678582
13.460228898426323                                -9.290160059895843
13.461373390557940                                -8.620647272508922
13.462517882689555                               -13.991236639122667
13.463662374821173                               -18.083114879048566
13.464806866952790                               -21.080310221888681
13.465951359084405                               -23.446391933750963
13.467095851216023                               -25.424603660142573
13.468240343347640                               -27.150091008527312
13.469384835479255                               -28.705754963611128
13.470529327610873                               -30.147415167856053
13.471673819742488                               -31.516200696408173
13.472818311874105                               -32.845381888797071
13.473962804005723                               -34.164705900191279
13.475107296137338                               -35.503731788262563
13.476251788268955                               -36.895107271186355
13.477396280400573                               -38.378685722424429
13.478540772532188                               -40.007793627344419
13.479685264663805                               -41.860109229071831
13.480829756795421                               -44.058185531553292
13.481974248927038                               -46.807902902919068
13.483118741058655                               -50.427570142159333
13.484263233190271                               -54.574570387016792
13.485407725321888                               -53.902427198327445
13.486552217453504                               -49.547116776109078
13.487696709585121                               -45.981702516621752
13.488841201716738                               -43.229833380948847
13.489985693848354                               -40.987592373875685
13.491130185979971                               -39.067514559547931
13.492274678111588                               -37.357526553385433
13.493419170243204                               -35.786099564676860
13.494563662374821                               -34.303995786819520
13.495708154506437                               -32.874580202350224
13.496852646638054                               -31.468269564825402
13.497997138769671                               -30.058988372284542
13.499141630901287                               -28.621538126266735
13.500286123032904                               -27.129214629491130
13.501430615164521                               -25.551123711109135
13.502575107296137                               -23.848530727384215
13.503719599427754                               -21.969174642525246
13.504864091559369                               -19.837584563596383
13.506008583690987                               -17.337927464996518
13.507153075822604                               -14.287184665572003
13.508297567954219                               -10.450983595988303
13.509442060085837                                -6.341589438627103
13.510586552217452                                -6.236813455001366
13.511731044349069                                -9.401843469145346
13.512875536480687                               -11.982373116405595
13.514020028612302                               -13.653673835422529
13.515164520743919                               -14.517243315660224
13.516309012875537                               -14.442980205120353
13.517453505007152                               -12.672349673657173
13.518597997138770                                -7.996223828447363
13.519742489270385                               -21.126627471433551
13.520886981402002                               -38.396139641514523
13.522031473533620                               -37.171223816015598
13.523175965665235                               -32.893242492961100
13.524320457796852                               -31.400669748904487
13.525464949928468                               -30.757058116568182
13.526609442060085                               -30.476394153338266
13.527753934191702                               -30.377915782010326
13.528898426323318                               -30.379349530551067
13.530042918454935                               -30.438335202178429
13.531187410586552                               -30.531180292799924
13.532331902718168                               -30.643832643674919
13.533476394849785                               -30.767593435574717
13.534620886981401                               -30.896905588126717
13.535765379113018                               -31.028137292896517
13.536909871244635                               -31.158877857992966
13.538054363376251                               -31.287512818552354
13.539198855507868                               -31.412958600352930
13.540343347639485                               -31.534491990913402
13.541487839771101                               -31.651637850431765
13.542632331902718                               -31.764093632412123
13.543776824034333                               -31.871677748636692
13.544921316165951                               -31.974293714017975
13.546065808297568                               -32.071904931847257
13.547210300429184                               -32.164516773093702
13.548354792560801                               -32.252163729094612
13.549499284692416                               -32.334900138870843
13.550643776824034                               -32.412793464130004
13.551788268955651                               -32.485919398795701
13.552932761087266                               -32.554358311856589
13.554077253218884                               -32.618192667582228
13.555221745350501                               -32.677505168012125
13.556366237482116                               -32.732377433559463
13.557510729613734                               -32.782889088033031
13.558655221745349                               -32.829117150731705
13.559799713876966                               -32.871135664774080
13.560944206008584                               -32.909015510410406
13.562088698140199                               -32.942824366808487
13.563233190271816                               -32.972626797112213
13.564377682403434                               -32.998484440518816
13.565522174535049                               -33.020456302453205
13.566666666666666                               -33.038599140258142
13.567811158798282                               -33.052967947611386
13.568955650929899                               -33.063616546572241
13.570100143061516                               -33.070598302130499
13.571244635193132                               -33.073966980768951
13.572389127324749                               -33.073777782342816
13.573533619456365                               -33.070088584038857
13.574678111587982                               -33.062961447016121
13.575822603719599                               -33.052464451453602
13.576967095851215                               -33.038673945348805
13.578111587982832                               -33.021677318215758
13.579256080114449                               -33.001576445163408
13.580400572246065                               -32.978491992987109
13.581545064377682                               -32.952568842624935
13.582689556509298                               -32.923982968486754
13.583834048640915                               -32.892950234839887
13.584978540772532                               -32.859737737687539
13.586123032904148                               -32.824678560197178
13.587267525035765                               -32.788191155754973
13.588412017167382                               -32.750805080054668
13.589556509298998                               -32.713195549912378
13.590701001430615                               -32.676230454655965
13.591845493562230                               -32.641035224608217
13.592989985693848                               -32.609083779070026
13.594134477825465                               -32.582328353969672
13.595278969957080                               -32.563388659124499
13.596423462088698                               -32.555834014856778
13.597567954220313                               -32.564615745697417
13.598712446351930                               -32.596751238919211
13.599856938483548                               -32.662447704237827
13.601001430615163                               -32.777034104248216
13.602145922746780                               -32.964473534637875
13.603290414878398                               -33.264216460868028
13.604434907010013                               -33.745866712579165
13.605579399141631                               -34.544809251826642
13.606723891273246                               -35.966567879117711
13.607868383404863                               -38.904153361996158
13.609012875536481                               -47.733077653852227
13.610157367668096                               -37.715370294018520
13.611301859799713                               -26.242494374498921
13.612446351931331                               -15.155645096966877
13.613590844062946                                -8.254699456387378
13.614735336194563                               -13.824624900075040
13.615879828326179                               -16.023167910486354
13.617024320457796                               -16.796764927237668
13.618168812589413                               -16.829054821975102
13.619313304721029                               -16.341812642186046
13.620457796852646                               -15.384137232180727
13.621602288984262                               -13.900291484469003
13.622746781115879                               -11.738986357412513
13.623891273247496                                -8.776823479319972
13.625035765379112                                -6.469401508998525
13.626180257510729                                -8.992071694099955
13.627324749642346                               -13.195284229454820
13.628469241773962                               -16.710841740731532
13.629613733905579                               -19.581041832632945
13.630758226037194                               -22.019831648053771
13.631902718168812                               -24.174272249995944
13.633047210300429                               -26.141005096054876
13.634191702432044                               -27.987816828715030
13.635336194563662                               -29.766917184627196
13.636480686695279                               -31.523231641503312
13.637625178826895                               -33.300504259393058
13.638769670958512                               -35.147142468362475
13.639914163090127                               -37.123676034896135
13.641058655221745                               -39.314616285944901
13.642203147353362                               -41.849780813893815
13.643347639484977                               -44.941269327921496
13.644492131616595                               -48.883261781565189
13.645636623748210                               -52.991120776944776
13.646781115879827                               -51.943406346775006
13.647925608011445                               -48.002987288419909
13.649070100143060                               -44.852852661636419
13.650214592274677                               -42.454071564697841
13.651359084406295                               -40.533861928361588
13.652503576537910                               -38.921959929834948
13.653648068669527                               -37.515630129410539
13.654792560801143                               -36.249344054906011
13.655937052932760                               -35.078536450173090
13.657081545064377                               -33.970904146373819
13.658226037195993                               -32.901466763005260
13.659370529327610                               -31.849541083503745
13.660515021459227                               -30.796699103347663
13.661659513590843                               -29.725198129664495
13.662804005722460                               -28.616551819015189
13.663948497854076                               -27.449960718707839
13.665092989985693                               -26.200266672254259
13.666237482117310                               -24.834902604657209
13.667381974248926                               -23.308847785584238
13.668526466380543                               -21.555514335055541
13.669670958512159                               -19.468826348414954
13.670815450643776                               -16.865115064620724
13.671959942775393                               -13.403033330412981
13.673104434907009                                -8.607410554587631
13.674248927038626                                -5.767877103606473
13.675393419170243                               -10.307572101129004
13.676537911301859                               -14.405722097036172
13.677682403433476                               -17.313554649819057
13.678826895565093                               -19.507139945518951
13.679971387696709                               -21.255468116281719
13.681115879828328                               -22.704933827000385
13.682260371959941                               -23.941534336427800
13.683404864091560                               -25.019485651237968
13.684549356223176                               -25.974966085291729
13.685693848354793                               -26.833234874686166
13.686838340486409                               -27.612582761358389
13.687982832618026                               -28.326656087792902
13.689127324749641                               -28.985892352802928
13.690271816881260                               -29.598444009630786
13.691416309012874                               -30.170793955305552
13.692560801144493                               -30.708177990637097
13.693705293276107                               -31.214882345916308
13.694849785407726                               -31.694457976045129
13.695994277539342                               -32.149877985862972
13.697138769670959                               -32.583655318718066
13.698283261802574                               -32.997932121974131
13.699427753934193                               -33.394548562475194
13.700572246065807                               -33.775096491126455
13.701716738197426                               -34.140961774422614
13.702861230329040                               -34.493358036440767
13.704005722460659                               -34.833353812151017
13.705150214592276                               -35.161894590878795
13.706294706723892                               -35.479820856648679
13.707439198855509                               -35.787882963012684
13.708583690987126                               -36.086753483025099
13.709728183118742                               -36.377037529194851
13.710872675250359                               -36.659281429021441
13.712017167381974                               -36.933980059211144
13.713161659513592                               -37.201583078641242
13.714306151645209                               -37.462500251654163
13.715450643776824                               -37.717106015628701
13.716595135908442                               -37.965743417300686
13.717739628040059                               -38.208727519156994
13.718884120171674                               -38.446348358784924
13.720028612303292                               -38.678873529408939
13.721173104434907                               -38.906550438025846
13.722317596566525                               -39.129608288044722
13.723462088698142                               -39.348259825584030
13.724606580829757                               -39.562702882266422
13.725751072961375                               -39.773121742186476
13.726895565092990                               -39.979688356419146
13.728040057224607                               -40.182563424946949
13.729184549356225                               -40.381897362900084
13.730329041487840                               -40.577831165586872
13.731473533619457                               -40.770497184701490
13.732618025751075                               -40.960019826397165
13.733762517882690                               -41.146516180425607
13.734907010014307                               -41.330096588321538
13.736051502145923                               -41.510865157561184
13.737195994277540                               -41.688920227707257
13.738340486409157                               -41.864354793818535
13.739484978540773                               -42.037256891706335
13.740629470672390                               -42.207709949092873
13.741773962804007                               -42.375793106207468
13.742918454935623                               -42.541581508951289
13.744062947067240                               -42.705146577395112
13.745207439198856                               -42.866556252045768
13.746351931330473                               -43.025875220059064
13.747496423462090                               -43.183165123311198
13.748640915593706                               -43.338484750054242
13.749785407725323                               -43.491890211674402
13.750929899856938                               -43.643435105925541
13.752074391988556                               -43.793170667855563
13.753218884120173                               -43.941145909520344
13.754363376251789                               -44.087407749477308
13.755507868383406                               -44.232001132926470
13.756652360515023                               -44.374969143318140
13.757796852646639                               -44.516353106124086
13.758941344778256                               -44.656192685439244
13.760085836909871                               -44.794525973987746
13.761230329041489                               -44.931389577079266
13.762374821173106                               -45.066818690983972
13.763519313304721                               -45.200847176174534
13.764663805436339                               -45.333507625837079
13.765808297567956                               -45.464831429998675
13.766952789699571                               -45.594848835622543
13.768097281831189                               -45.723589002956373
13.769241773962804                               -45.851080058425843
13.770386266094421                               -45.977349144307240
13.771530758226039                               -46.102422465431104
13.772675250357654                               -46.226325333114026
13.773819742489271                               -46.349082206519029
13.774964234620887                               -46.470716731628343
13.776108726752504                               -46.591251777980602
13.777253218884121                               -46.710709473340373
13.778397711015737                               -46.829111236422875
13.779542203147354                               -46.946477807820706
13.780686695278971                               -47.062829279230805
13.781831187410587                               -47.178185121114126
13.782975679542204                               -47.292564208869230
13.784120171673820                               -47.405984847628389
13.785264663805437                               -47.518464795755378
13.786409155937054                               -47.630021287129345
13.787553648068670                               -47.740671052289869
13.788698140200287                               -47.850430338508147
13.789842632331904                               -47.959314928857914
13.790987124463520                               -48.067340160335739
13.792131616595137                               -48.174520941096048
13.793276108726753                               -48.280871766846602
13.794420600858370                               -48.386406736456195
13.795565092989987                               -48.491139566820713
13.796709585121603                               -48.595083607024520
13.797854077253220                               -48.698251851845889
13.798998569384835                               -48.800656954633084
13.800143061516453                               -48.902311239594454
13.801287553648070                               -49.003226713530253
13.802432045779685                               -49.103415077034221
13.803576537911303                               -49.202887735202658
13.804721030042920                               -49.301655807865231
13.805865522174535                               -49.399730139373126
13.807010014306153                               -49.497121307960768
13.808154506437768                               -49.593839634708118
13.809298998569385                               -49.689895192118520
13.810443490701003                               -49.785297812340481
13.811587982832618                               -49.880057095040222
13.812732474964236                               -49.974182414951926
13.813876967095853                               -50.067682929117936
13.815021459227468                               -50.160567583832226
13.816165951359086                               -50.252845121306535
13.817310443490701                               -50.344524086068020
13.818454935622318                               -50.435612831103150
13.819599427753936                               -50.526119523760933
13.820743919885551                               -50.616052151427205
13.821888412017168                               -50.705418526974022
13.823032904148784                               -50.794226294006997
13.824177396280401                               -50.882482931909578
13.825321888412018                               -50.970195760694203
13.826466380543634                               -51.057371945678057
13.827610872675251                               -51.144018501978948
13.828755364806868                               -51.230142298850360
13.829899856938484                               -51.315750063855504
13.831044349070101                               -51.400848386889059
13.832188841201717                               -51.485443724056395
13.833333333333334                               -51.569542401413926
13.834477825464951                               -51.653150618574685
13.835622317596567                               -51.736274452189193
13.836766809728184                               -51.818919859304231
13.837911301859799                               -51.901092680605259
13.839055793991417                               -51.982798643545955
13.840200286123034                               -52.064043365373337
13.841344778254649                               -52.144832356047587
13.842489270386267                               -52.225171021067098
13.843633762517884                               -52.305064664194447
13.844778254649500                               -52.384518490096340
13.845922746781117                               -52.463537606893709
13.847067238912732                               -52.542127028630617
13.848211731044350                               -52.620291677660724
13.849356223175967                               -52.698036386958186
13.850500715307582                               -52.775365902354984
13.851645207439200                               -52.852284884704844
13.852789699570817                               -52.928797911982464
13.853934191702432                               -53.004909481312097
13.855078683834050                               -53.080624010938429
13.856223175965665                               -53.155945842130961
13.857367668097282                               -53.230879241034536
13.858512160228900                               -53.305428400459611
13.859656652360515                               -53.379597441620831
13.860801144492132                               -53.453390415823314
13.861945636623748                               -53.526811306093819
13.863090128755365                               -53.599864028771627
13.864234620886982                               -53.672552435043201
13.865379113018598                               -53.744880312440209
13.866523605150215                               -53.816851386286579
13.867668097281832                               -53.888469321109795
13.868812589413448                               -53.959737722005592
13.869957081545065                               -54.030660135969484
13.871101573676681                               -54.101240053186153
13.872246065808298                               -54.171480908283087
13.873390557939915                               -54.241386081551404
13.874535050071531                               -54.310958900128618
13.875679542203148                               -54.380202639152444
13.876824034334765                               -54.449120522880477
13.877968526466381                               -54.517715725779333
13.879113018597998                               -54.585991373585415
13.880257510729614                               -54.653950544334407
13.881402002861231                               -54.721596269366223
13.882546494992848                               -54.788931534299778
13.883690987124464                               -54.855959279985768
13.884835479256081                               -54.922682403428439
13.885979971387696                               -54.989103758690099
13.887124463519314                               -55.055226157764743
13.888268955650931                               -55.121052371436477
13.889413447782546                               -55.186585130108440
13.890557939914164                               -55.251827124614643
13.891702432045781                               -55.316781007011649
13.892846924177396                               -55.381449391346521
13.893991416309014                               -55.445834854408531
13.895135908440629                               -55.509939936460235
13.896280400572246                               -55.573767141952040
13.897424892703864                               -55.637318940215309
13.898569384835479                               -55.700597766143325
13.899713876967096                               -55.763606020852059
13.900858369098714                               -55.826346072324455
13.902002861230329                               -55.888820256042287
13.903147353361947                               -55.951030875598576
13.904291845493562                               -56.012980203298419
13.905436337625179                               -56.074670480743983
13.906580829756797                               -56.136103919406331
13.907725321888412                               -56.197282701181635
13.908869814020029                               -56.258208978938107
13.910014306151645                               -56.318884877045726
13.911158798283262                               -56.379312491896641
13.912303290414879                               -56.439493892412258
13.913447782546495                               -56.499431120538723
13.914592274678112                               -56.559126191732041
13.915736766809729                               -56.618581095428993
13.916881258941345                               -56.677797795512568
13.918025751072962                               -56.736778230760663
13.919170243204578                               -56.795524315289818
13.920314735336195                               -56.854037938986785
13.921459227467812                               -56.912320967929226
13.922603719599428                               -56.970375244800579
13.923748211731045                               -57.028202589291695
13.924892703862662                               -57.085804798497037
13.926037195994278                               -57.143183647299097
13.927181688125895                               -57.200340888748691
13.928326180257510                               -57.257278254431668
13.929470672389128                               -57.313997454832290
13.930615164520745                               -57.370500179685990
13.931759656652360                               -57.426788098326213
13.932904148783978                               -57.482862860022159
13.934048640915593                               -57.538726094312409
13.935193133047211                               -57.594379411327559
13.936337625178828                               -57.649824402108962
13.937482117310443                               -57.705062638920019
13.938626609442061                               -57.760095675550659
13.939771101573678                               -57.814925047615738
13.940915593705293                               -57.869552272847400
13.942060085836911                               -57.923978851381470
13.943204577968526                               -57.978206266037311
13.944349070100143                               -58.032235982593903
13.945493562231761                               -58.086069450057892
13.946638054363376                               -58.139708100926484
13.947782546494993                               -58.193153351448920
13.948927038626611                               -58.246406601876117
13.950071530758226                               -58.299469236711865
13.951216022889843                               -58.352342624954616
13.952360515021459                               -58.405028120336844
13.953505007153076                               -58.457527061557414
13.954649499284693                               -58.509840772513343
13.955793991416309                               -58.561970562522689
13.956938483547926                               -58.613917726545765
13.958082975679542                               -58.665683545401173
13.959227467811159                               -58.717269285978404
13.960371959942776                               -58.768676201444954
13.961516452074392                               -58.819905531451639
13.962660944206009                               -58.870958502331035
13.963805436337626                               -58.921836327295971
13.964949928469242                               -58.972540206631088
13.966094420600859                               -59.023071327881055
13.967238912732475                               -59.073430866039367
13.968383404864092                               -59.123619983725334
13.969527896995709                               -59.173639831368703
13.970672389127325                               -59.223491547380775
13.971816881258942                               -59.273176258328689
13.972961373390559                               -59.322695079103262
13.974105865522175                               -59.372049113087243
13.975250357653792                               -59.421239452315135
13.976394849785407                               -59.470267177636870
13.977539341917025                               -59.519133358871699
13.978683834048642                               -59.567839054964253
13.979828326180257                               -59.616385314136593
13.980972818311875                               -59.664773174036867
13.982117310443490                               -59.713003661883377
13.983261802575107                               -59.761077794612305
13.984406294706725                               -59.808996579015826
13.985550786838340                               -59.856761011881396
13.986695278969957                               -59.904372080129178
13.987839771101575                               -59.951830760945633
13.988984263233190                               -59.999138021913645
13.990128755364807                               -60.046294821143150
13.991273247496423                               -60.093302107398912
13.992417739628040                               -60.140160820224608
13.993562231759658                               -60.186871890064822
13.994706723891273                               -60.233436238387831
13.995851216022890                               -60.279854777802619
13.996995708154508                               -60.326128412175343
13.998140200286123                               -60.372258036747120
13.999284692417740                               -60.418244538242149
14.000429184549356                               -60.464088794982807
14.001573676680973                               -60.509791676996258
14.002718168812590                               -60.555354046123085
14.003862660944206                               -60.600776756121711
14.005007153075823                               -60.646060652773357
14.006151645207439                               -60.691206573983308
14.007296137339056                               -60.736215349881633
14.008440629470673                               -60.781087802921832
14.009585121602289                               -60.825824747978132
14.010729613733906                               -60.870426992442283
14.011874105865523                               -60.914895336314707
14.013018597997139                               -60.959230572300662
14.014163090128756                               -61.003433485898029
14.015307582260371                               -61.047504855490125
14.016452074391989                               -61.091445452431188
14.017596566523606                               -61.135256041134845
14.018741058655221                               -61.178937379159635
14.019885550786839                               -61.222490217291920
14.021030042918456                               -61.265915299630706
14.022174535050071                               -61.309213363666288
14.023319027181689                               -61.352385140363452
14.024463519313304                               -61.395431354239108
14.025608011444922                               -61.438352723439934
14.026752503576539                               -61.481149959819838
14.027896995708154                               -61.523823769014200
14.029041487839772                               -61.566374850514876
14.030185979971387                               -61.608803897744494
14.031330472103004                               -61.651111598125901
14.032474964234622                               -61.693298633155436
14.033619456366237                               -61.735365678471759
14.034763948497854                               -61.777313403924822
14.035908440629472                               -61.819142473643282
14.037052932761087                               -61.860853546103662
14.038197424892704                               -61.902447274192134
14.039341917024320                               -61.943924305272297
14.040486409155937                               -61.985285281248672
14.041630901287554                               -62.026530838628553
14.042775393419170                               -62.067661608585567
14.043919885550787                               -62.108678217019971
14.045064377682403                               -62.149581284617057
14.046208869814020                               -62.190371426910744
14.047353361945637                               -62.231049254338188
14.048497854077253                               -62.271615372298882
14.049642346208870                               -62.312070381211981
14.050786838340487                               -62.352414876571380
14.051931330472103                               -62.392649449000992
14.053075822603720                               -62.432774684310210
14.054220314735336                               -62.472791163545551
14.055364806866953                               -62.512699463046779
14.056509298998570                               -62.552500154494780
14.057653791130186                               -62.592193804966740
14.058798283261803                               -62.631780976984089
14.059942775393420                               -62.671262228564231
14.061087267525036                               -62.710638113269752
14.062231759656653                               -62.749909180256083
14.063376251788268                               -62.789075974318116
14.064520743919886                               -62.828139035942023
14.065665236051503                               -62.867098901347717
14.066809728183118                               -62.905956102534745
14.067954220314736                               -62.944711167330439
14.069098712446351                               -62.983364619433260
14.070243204577968                               -63.021916978455501
14.071387696709586                               -63.060368759968775
14.072532188841201                               -63.098720475546301
14.073676680972818                               -63.136972632803918
14.074821173104436                               -63.175125735445114
14.075965665236051                               -63.213180283298669
14.077110157367668                               -63.251136772360191
14.078254649499284                               -63.288995694834391
14.079399141630901                               -63.326757539172000
14.080543633762518                               -63.364422790110943
14.081688125894134                               -63.401991928712107
14.082832618025751                               -63.439465432400290
14.083977110157369                               -63.476843775000155
14.085121602288984                               -63.514127426774145
14.086266094420601                               -63.551316854457440
14.087410586552217                               -63.588412521296291
14.088555078683834                               -63.625414887081348
14.089699570815451                               -63.662324408184503
14.090844062947067                               -63.699141537592695
14.091988555078684                               -63.735866724942944
14.093133047210300                               -63.772500416554735
14.094277539341917                               -63.809043055464166
14.095422031473534                               -63.845495081458019
14.096566523605150                               -63.881856931105446
14.097711015736767                               -63.918129037787914
14.098855507868384                               -63.954311831735026
14.100000000000000                               -63.990405740052140
