============================================================================================
ANSOFT                                                                              03/08/26
S Parameter Plot2                                                                   00:29:46

--------------------------------------------------------------------------------------------
       Freq [GHz]   dB(S(LumpPort_LINE3_end,LumpPort_LINE1_end)) []
                                                                   
6.700000000000000                               -68.340543600937821
6.700834724540901                               -68.325735731416287
6.701669449081804                               -68.310886931567822
6.702504173622705                               -68.295996994569691
6.703338898163605                               -68.281065712120949
6.704173622704507                               -68.266092874428509
6.705008347245409                               -68.251078270193290
6.705843071786310                               -68.236021686595791
6.706677796327212                               -68.220922909281910
6.707512520868113                               -68.205781722348334
6.708347245409015                               -68.190597908327788
6.709181969949917                               -68.175371248174216
6.710016694490818                               -68.160101521247768
6.710851419031719                               -68.144788505299459
6.711686143572622                               -68.129431976455763
6.712520868113523                               -68.114031709203147
6.713355592654423                               -68.098587476372131
6.714190317195325                               -68.083099049121330
6.715025041736227                               -68.067566196921405
6.715859766277128                               -68.051988687538568
6.716694490818030                               -68.036366287018026
6.717529215358931                               -68.020698759667354
6.718363939899833                               -68.004985868039384
6.719198664440735                               -67.989227372915011
6.720033388981636                               -67.973423033286039
6.720868113522537                               -67.957572606337294
6.721702838063440                               -67.941675847428996
6.722537562604341                               -67.925732510078703
6.723372287145242                               -67.909742345942988
6.724207011686143                               -67.893705104799025
6.725041736227045                               -67.877620534525931
6.725876460767946                               -67.861488381085678
6.726711185308848                               -67.845308388504023
6.727545909849749                               -67.829080298851153
6.728380634390651                               -67.812803852221876
6.729215358931553                               -67.796478786715809
6.730050083472454                               -67.780104838417230
6.730884808013355                               -67.763681741374683
6.731719532554258                               -67.747209227580228
6.732554257095159                               -67.730687026948630
6.733388981636060                               -67.714114867296075
6.734223706176962                               -67.697492474318722
6.735058430717863                               -67.680819571571064
6.735893155258764                               -67.664095880443796
6.736727879799666                               -67.647321120141555
6.737562604340567                               -67.630495007660414
6.738397328881469                               -67.613617257764872
6.739232053422371                               -67.596687582964790
6.740066777963272                               -67.579705693491917
6.740901502504173                               -67.562671297276026
6.741736227045076                               -67.545584099920958
6.742570951585977                               -67.528443804680165
6.743405676126878                               -67.511250112431938
6.744240400667780                               -67.494002721654425
6.745075125208681                               -67.476701328400338
6.745909849749582                               -67.459345626271073
6.746744574290484                               -67.441935306390789
6.747579298831385                               -67.424470057379978
6.748414023372287                               -67.406949565328773
6.749248747913189                               -67.389373513769726
6.750083472454090                               -67.371741583650490
6.750918196994991                               -67.354053453305937
6.751752921535894                               -67.336308798429855
6.752587646076795                               -67.318507292046604
6.753422370617696                               -67.300648604481864
6.754257095158598                               -67.282732403333455
6.755091819699500                               -67.264758353441621
6.755926544240400                               -67.246726116858653
6.756761268781302                               -67.228635352818472
6.757595993322203                               -67.210485717705652
6.758430717863105                               -67.192276865023842
6.759265442404007                               -67.174008445364095
6.760100166944908                               -67.155680106372472
6.760934891485809                               -67.137291492717296
6.761769616026712                               -67.118842246055976
6.762604340567613                               -67.100332005001405
6.763439065108514                               -67.081760405087721
6.764273789649416                               -67.063127078735747
6.765108514190318                               -67.044431655217963
6.765943238731218                               -67.025673760622851
6.766777963272120                               -67.006853017818798
6.767612687813021                               -66.987969046417589
6.768447412353923                               -66.969021462737089
6.769282136894825                               -66.950009879763826
6.770116861435726                               -66.930933907114735
6.770951585976627                               -66.911793150998335
6.771786310517530                               -66.892587214175464
6.772621035058431                               -66.873315695919629
6.773455759599332                               -66.853978191976225
6.774290484140234                               -66.834574294521815
6.775125208681136                               -66.815103592122398
6.775959933222036                               -66.795565669691172
6.776794657762938                               -66.775960108445787
6.777629382303839                               -66.756286485864806
6.778464106844741                               -66.736544375643632
6.779298831385643                               -66.716733347649708
6.780133555926544                               -66.696852967877277
6.780968280467445                               -66.676902798401045
6.781803005008348                               -66.656882397329611
6.782637729549249                               -66.636791318757915
6.783472454090150                               -66.616629112719082
6.784307178631052                               -66.596395325135475
6.785141903171954                               -66.576089497769132
6.785976627712855                               -66.555711168171356
6.786811352253756                               -66.535259869631489
6.787646076794657                               -66.514735131125178
6.788480801335559                               -66.494136477261392
6.789315525876461                               -66.473463428229110
6.790150250417362                               -66.452715499742979
6.790984974958263                               -66.431892202987953
6.791819699499166                               -66.410993044563426
6.792654424040067                               -66.390017526426377
6.793489148580968                               -66.368965145833357
6.794323873121870                               -66.347835395282132
6.795158597662772                               -66.326627762451821
6.795993322203673                               -66.305341730142530
6.796828046744575                               -66.283976776213791
6.797662771285475                               -66.262532373522220
6.798497495826377                               -66.241007989857948
6.799332220367279                               -66.219403087880281
6.800166944908180                               -66.197717125052236
6.801001669449081                               -66.175949553574014
6.801836393989984                               -66.154099820315395
6.802671118530885                               -66.132167366747169
6.803505843071786                               -66.110151628871265
6.804340567612688                               -66.088052037149922
6.805175292153590                               -66.065868016433754
6.806010016694491                               -66.043598985888309
6.806844741235393                               -66.021244358919816
6.807679465776293                               -65.998803543099612
6.808514190317195                               -65.976275940087106
6.809348914858097                               -65.953660945551761
6.810183639398998                               -65.930957949093710
6.811018363939899                               -65.908166334162829
6.811853088480802                               -65.885285477976907
6.812687813021703                               -65.862314751438007
6.813522537562604                               -65.839253519047617
6.814357262103506                               -65.816101138820443
6.815191986644408                               -65.792856962196709
6.816026711185309                               -65.769520333952741
6.816861435726211                               -65.746090592110434
6.817696160267111                               -65.722567067844849
6.818530884808013                               -65.698949085390495
6.819365609348915                               -65.675235961945589
6.820200333889816                               -65.651427007575236
6.821035058430717                               -65.627521525112442
6.821869782971620                               -65.603518810057707
6.822704507512521                               -65.579418150476741
6.823539232053422                               -65.555218826896379
6.824373956594324                               -65.530920112198757
6.825208681135225                               -65.506521271513677
6.826043405676127                               -65.482021562108812
6.826878130217029                               -65.457420233278256
6.827712854757930                               -65.432716526229001
6.828547579298831                               -65.407909673965236
6.829382303839733                               -65.382998901170879
6.830217028380634                               -65.357983424089724
6.831051752921535                               -65.332862450403539
6.831886477462437                               -65.307635179107919
6.832721202003339                               -65.282300800386139
6.833555926544240                               -65.256858495480174
6.834390651085142                               -65.231307436559831
6.835225375626043                               -65.205646786589412
6.836060100166945                               -65.179875699191726
6.836894824707847                               -65.153993318509606
6.837729549248748                               -65.127998779065251
6.838564273789649                               -65.101891205616269
6.839398998330551                               -65.075669713009688
6.840233722871452                               -65.049333406032886
6.841068447412353                               -65.022881379261634
6.841903171953255                               -64.996312716905479
6.842737896494157                               -64.969626492650335
6.843572621035058                               -64.942821769497471
6.844407345575960                               -64.915897599600072
6.845242070116861                               -64.888853024096363
6.846076794657763                               -64.861687072939546
6.846911519198665                               -64.834398764724341
6.847746243739566                               -64.806987106510491
6.848580968280467                               -64.779451093642407
6.849415692821369                               -64.751789709565557
6.850250417362270                               -64.724001925639371
6.851085141903171                               -64.696086700945884
6.851919866444073                               -64.668042982095216
6.852754590984975                               -64.639869703026960
6.853589315525876                               -64.611565784807553
6.854424040066778                               -64.583130135423460
6.855258764607679                               -64.554561649570601
6.856093489148581                               -64.525859208439073
6.856928213689483                               -64.497021679493884
6.857762938230384                               -64.468047916250967
6.858597662771285                               -64.438936758048612
6.859432387312188                               -64.409687029814435
6.860267111853088                               -64.380297541827417
6.861101836393989                               -64.350767089474857
6.861936560934891                               -64.321094453004420
6.862771285475793                               -64.291278397271242
6.863606010016694                               -64.261317671479190
6.864440734557596                               -64.231211008917157
6.865275459098497                               -64.200957126689630
6.866110183639399                               -64.170554725441406
6.866944908180301                               -64.140002489076579
6.867779632721202                               -64.109299084471701
6.868614357262103                               -64.078443161182136
6.869449081803006                               -64.047433351142857
6.870283806343906                               -64.016268268362339
6.871118530884807                               -63.984946508609667
6.871953255425709                               -63.953466649095091
6.872787979966611                               -63.921827248143543
6.873622704507512                               -63.890026844860600
6.874457429048414                               -63.858063958791568
6.875292153589315                               -63.825937089572513
6.876126878130217                               -63.793644716573723
6.876961602671119                               -63.761185298535082
6.877796327212020                               -63.728557273193474
6.878631051752921                               -63.695759056901124
6.879465776293824                               -63.662789044235893
6.880300500834724                               -63.629645607602441
6.881135225375625                               -63.596327096824055
6.881969949916527                               -63.562831838725160
6.882804674457429                               -63.529158136704389
6.883639398998330                               -63.495304270297240
6.884474123539232                               -63.461268494728813
6.885308848080133                               -63.427049040456239
6.886143572621035                               -63.392644112699521
6.886978297161937                               -63.358051890962031
6.887813021702838                               -63.323270528539439
6.888647746243739                               -63.288298152016260
6.889482470784642                               -63.253132860751002
6.890317195325543                               -63.217772726348613
6.891151919866443                               -63.182215792119777
6.891986644407345                               -63.146460072527624
6.892821368948247                               -63.110503552620251
6.893656093489148                               -63.074344187449533
6.894490818030050                               -63.037979901475452
6.895325542570951                               -63.001408587955851
6.896160267111853                               -62.964628108320269
6.896994991652755                               -62.927636291528572
6.897829716193656                               -62.890430933413256
6.898664440734557                               -62.853009796004883
6.899499165275460                               -62.815370606840219
6.900333889816361                               -62.777511058252927
6.901168614357261                               -62.739428806645556
6.902003338898163                               -62.701121471742773
6.902838063439065                               -62.662586635825477
6.903672787979966                               -62.623821842943997
6.904507512520868                               -62.584824598111332
6.905342237061769                               -62.545592366474771
6.906176961602671                               -62.506122572465081
6.907011686143573                               -62.466412598923327
6.907846410684474                               -62.426459786204205
6.908681135225375                               -62.386261431254596
6.909515859766278                               -62.345814786667546
6.910350584307179                               -62.305117059710199
6.911185308848079                               -62.264165411324718
6.912020033388981                               -62.222956955101729
6.912854757929883                               -62.181488756225676
6.913689482470784                               -62.139757830389534
6.914524207011686                               -62.097761142679985
6.915358931552587                               -62.055495606430668
6.916193656093489                               -62.012958082042758
6.917028380634391                               -61.970145375771615
6.917863105175292                               -61.927054238479059
6.918697829716193                               -61.883681364348718
6.919532554257096                               -61.840023389564543
6.920367278797997                               -61.796076890950616
6.921202003338898                               -61.751838384570249
6.922036727879799                               -61.707304324284195
6.922871452420701                               -61.662471100265719
6.923706176961602                               -61.617335037470767
6.924540901502504                               -61.571892394062296
6.925375626043405                               -61.526139359786740
6.926210350584307                               -61.480072054300607
6.927045075125209                               -61.433686525445964
6.927879799666110                               -61.386978747472398
6.928714524207011                               -61.339944619203415
6.929549248747914                               -61.292579962145808
6.930383973288815                               -61.244880518539532
6.931218697829716                               -61.196841949344929
6.932053422370618                               -61.148459832166495
6.932888146911519                               -61.099729659109840
6.933722871452420                               -61.050646834568958
6.934557595993322                               -61.001206672941763
6.935392320534223                               -60.951404396270938
6.936227045075125                               -60.901235131806565
6.937061769616027                               -60.850693909488179
6.937896494156928                               -60.799775659342970
6.938731218697830                               -60.748475208795476
6.939565943238732                               -60.696787279887381
6.940400667779633                               -60.644706486401716
6.941235392320534                               -60.592227330888377
6.942070116861436                               -60.539344201587333
6.942904841402337                               -60.486051369244372
6.943739565943239                               -60.432342983814976
6.944574290484140                               -60.378213071052642
6.945409015025041                               -60.323655528975010
6.946243739565943                               -60.268664124203930
6.947078464106845                               -60.213232488173659
6.947913188647746                               -60.157354113201308
6.948747913188648                               -60.101022348412833
6.949582637729550                               -60.044230395519982
6.950417362270451                               -59.986971304439308
6.951252086811352                               -59.929237968748417
6.952086811352254                               -59.871023120969447
6.952921535893156                               -59.812319327675787
6.953756260434057                               -59.753118984408374
6.954590984974958                               -59.693414310398865
6.955425709515859                               -59.633197343086159
6.956260434056761                               -59.572459932418482
6.957095158597663                               -59.511193734930416
6.957929883138564                               -59.449390207584671
6.958764607679466                               -59.387040601366508
6.959599332220368                               -59.324135954619273
6.960434056761269                               -59.260667086108242
6.961268781302170                               -59.196624587799022
6.962103505843072                               -59.131998817337717
6.962938230383974                               -59.066779890215969
6.963772954924876                               -59.000957671606059
6.964607679465776                               -58.934521767849461
6.965442404006677                               -58.867461517579692
6.966277128547579                               -58.799765982462837
6.967111853088481                               -58.731423937532924
6.967946577629382                               -58.662423861103264
6.968781302170284                               -58.592753924228795
6.969616026711186                               -58.522401979698415
6.970450751252087                               -58.451355550528319
6.971285475792988                               -58.379601817931615
6.972120200333890                               -58.307127608733929
6.972954924874792                               -58.233919382205428
6.973789649415694                               -58.159963216274789
6.974624373956594                               -58.085244793091128
6.975459098497495                               -58.009749383896754
6.976293823038397                               -57.933461833169481
6.977128547579299                               -57.856366541993637
6.977963272120200                               -57.778447450612809
6.978797996661102                               -57.699688020116504
6.979632721202004                               -57.620071213207382
6.980467445742905                               -57.539579473995317
6.981302170283806                               -57.458194706755791
6.982136894824708                               -57.375898253590940
6.982971619365610                               -57.292670870922748
6.983806343906512                               -57.208492704744373
6.984641068447412                               -57.123343264552709
6.985475792988313                               -57.037201395871257
6.986310517529215                               -56.950045251278453
6.987145242070117                               -56.861852259835544
6.987979966611018                               -56.772599094813287
6.988814691151920                               -56.682261639595104
6.989649415692821                               -56.590814951640745
6.990484140233723                               -56.498233224368171
6.991318864774624                               -56.404489746813368
6.992153589315526                               -56.309556860907044
6.992988313856427                               -56.213405916201296
6.993823038397330                               -56.116007221857068
6.994657762938231                               -56.017329995694610
6.995492487479131                               -55.917342310086646
6.996327212020033                               -55.816011034457262
6.997161936560935                               -55.713301774128951
6.997996661101836                               -55.609178805233341
6.998831385642738                               -55.503605005380543
6.999666110183639                               -55.396541779749207
7.000500834724541                               -55.287948982229722
7.001335559265442                               -55.177784831220393
7.002170283806344                               -55.066005819631947
7.003005008347245                               -54.952566618618818
7.003839732888148                               -54.837419974501948
7.004674457429049                               -54.720516598303973
7.005509181969949                               -54.601805047241655
7.006343906510851                               -54.481231597474022
7.007178631051753                               -54.358740107311860
7.008013355592654                               -54.234271870024806
7.008848080133556                               -54.107765455275363
7.009682804674457                               -53.979156538115973
7.010517529215359                               -53.848377714356474
7.011352253756260                               -53.715358300976696
7.012186978297162                               -53.580024120113670
7.013021702838063                               -53.442297264966889
7.013856427378966                               -53.302095845780315
7.014691151919867                               -53.159333713831089
7.015525876460767                               -53.013920161100508
7.016360601001669                               -52.865759593010928
7.017195325542571                               -52.714751171281158
7.018030050083472                               -52.560788423564190
7.018864774624374                               -52.403758816091127
7.019699499165275                               -52.243543285044289
7.020534223706177                               -52.080015721769840
7.021368948247079                               -51.913042406285342
7.022203672787980                               -51.742481382713379
7.023038397328881                               -51.568181769361360
7.023873121869784                               -51.389982995065040
7.024707846410685                               -51.207713952150868
7.025542570951586                               -51.021192054843212
7.026377295492488                               -50.830222190185417
7.027212020033389                               -50.634595546412420
7.028046744574290                               -50.434088301204724
7.028881469115192                               -50.228460149245883
7.029716193656093                               -50.017452644886056
7.030550918196995                               -49.800787331372554
7.031385642737897                               -49.578163622824832
7.032220367278798                               -49.349256398733843
7.033055091819699                               -49.113713262911418
7.033889816360602                               -48.871151409196031
7.034724540901503                               -48.621154024319182
7.035559265442404                               -48.363266143551897
7.036393989983306                               -48.096989856281283
7.037228714524207                               -47.821778735414064
7.038063439065108                               -47.537031335088670
7.038898163606010                               -47.242083563627915
7.039732888146911                               -46.936199690458039
7.040567612687813                               -46.618561683211936
7.041402337228715                               -46.288256489667447
7.042237061769616                               -45.944260771534154
7.043071786310517                               -45.585422453900229
7.043906510851420                               -45.210438261479062
7.044741235392321                               -44.817826150711554
7.045575959933222                               -44.405891185991507
7.046410684474124                               -43.972682905075395
7.047245409015025                               -43.515941507075595
7.048080133555926                               -43.033029174455770
7.048914858096828                               -42.520841348721127
7.049749582637729                               -41.975690562428305
7.050584307178631                               -41.393152070527755
7.051419031719533                               -40.767855323470449
7.052253756260434                               -40.093197085889386
7.053088480801335                               -39.360938621446103
7.053923205342238                               -38.560627030429202
7.054757929883139                               -37.678742485981630
7.055592654424040                               -36.697405416452185
7.056427378964942                               -35.592355242552635
7.057262103505844                               -34.329688926702538
7.058096828046744                               -32.860458016664744
7.058931552587646                               -31.111719863611789
7.059766277128547                               -28.973470749880814
7.060601001669449                               -26.296899824601205
7.061435726210351                               -23.073074628457416
7.062270450751252                               -20.800300804472528
7.063105175292153                               -22.530544182288793
7.063939899833056                               -25.801279359677057
7.064774624373957                               -28.601824182735257
7.065609348914858                               -30.839523584464640
7.066444073455760                               -32.663985683876724
7.067278797996662                               -34.192895626357078
7.068113522537562                               -35.504615936485891
7.068948247078464                               -36.651495988302393
7.069782971619365                               -37.669585079897900
7.070617696160267                               -38.584538590666043
7.071452420701169                               -39.415172670033165
7.072287145242070                               -40.175655723883310
7.073121869782971                               -40.876902403783369
7.073956594323874                               -41.527488341196644
7.074791318864775                               -42.134267938617839
7.075626043405676                               -42.702802606261329
7.076460767946578                               -43.237664596732259
7.077295492487480                               -43.742657108983252
7.078130217028380                               -44.220976733770215
7.078964941569282                               -44.675335366566131
7.079799666110183                               -45.108053090427930
7.080634390651085                               -45.521129912506801
7.081469115191987                               -45.916301858372826
7.082303839732888                               -46.295085332388197
7.083138564273789                               -46.658812562405103
7.083973288814692                               -47.008660190018063
7.084808013355593                               -47.345672533795451
7.085642737896494                               -47.670780670980875
7.086477462437396                               -47.984818206388418
7.087312186978298                               -48.288534394118734
7.088146911519199                               -48.582605127071858
7.088981636060100                               -48.867642196216750
7.089816360601001                               -49.144201136002408
7.090651085141903                               -49.412787906934376
7.091485809682805                               -49.673864615872567
7.092320534223706                               -49.927854435467225
7.093155258764607                               -50.175145853441869
7.093989983305510                               -50.416096358243692
7.094824707846411                               -50.651035648345953
7.095659432387312                               -50.880268437151550
7.096494156928214                               -51.104076913075630
7.097328881469116                               -51.322722904407513
7.098163606010017                               -51.536449790432798
7.098998330550919                               -51.745484193649212
7.099833055091819                               -51.950037482475160
7.100667779632721                               -52.150307109333170
7.101502504173623                               -52.346477805273572
7.102337228714524                               -52.538722649191179
7.103171953255425                               -52.727204027100484
7.104006677796328                               -52.912074494750605
7.104841402337229                               -53.093477555029025
7.105676126878130                               -53.271548360055725
7.106510851419032                               -53.446414346545140
7.107345575959934                               -53.618195811908578
7.108180300500835                               -53.787006437597526
7.109015025041737                               -53.952953765384571
7.109849749582637                               -54.116139631560145
7.110684474123539                               -54.276660563439066
7.111519198664441                               -54.434608142021801
7.112353923205342                               -54.590069334226705
7.113188647746243                               -54.743126797701017
7.114023372287146                               -54.893859160881121
7.114858096828047                               -55.042341280675096
7.115692821368948                               -55.188644479879791
7.116527545909850                               -55.332836766213028
7.117362270450752                               -55.474983034639763
7.118196994991653                               -55.615145254507752
7.119031719532555                               -55.753382642826431
7.119866444073455                               -55.889751824913638
7.120701168614357                               -56.024306983493624
7.121535893155259                               -56.157099997229281
7.122370617696160                               -56.288180569572503
7.123205342237061                               -56.417596348736943
7.124040066777964                               -56.545393039514849
7.124874791318865                               -56.671614507591023
7.125709515859766                               -56.796302876958052
7.126544240400668                               -56.919498620963331
7.127378964941570                               -57.041240647488493
7.128213689482471                               -57.161566378704464
7.129048414023373                               -57.280511825814990
7.129883138564274                               -57.398111659156896
7.130717863105175                               -57.514399274004539
7.131552587646077                               -57.629406852386282
7.132387312186978                               -57.743165421201141
7.133222036727879                               -57.855704906898438
7.134056761268782                               -57.967054186959729
7.134891485809683                               -58.077241138407018
7.135726210350584                               -58.186292683539513
7.136560934891486                               -58.294234833088090
7.137395659432388                               -58.401092726957195
7.138230383973289                               -58.506890672719535
7.139065108514191                               -58.611652182004967
7.139899833055092                               -58.715400004925051
7.140734557595993                               -58.818156162656265
7.141569282136895                               -58.919941978298553
7.142404006677796                               -59.020778106120787
7.143238731218697                               -59.120684559289089
7.144073455759600                               -59.219680736175633
7.144908180300501                               -59.317785445328695
7.145742904841402                               -59.415016929193015
7.146577629382304                               -59.511392886645602
7.147412353923206                               -59.606930494424034
7.148247078464107                               -59.701646427509800
7.149081803005009                               -59.795556878524962
7.149916527545910                               -59.888677576203413
7.150751252086812                               -59.981023802984822
7.151585976627713                               -60.072610411784282
7.152420701168614                               -60.163451841979608
7.153255425709515                               -60.253562134665728
7.154090150250418                               -60.342954947208625
7.154924874791319                               -60.431643567143198
7.155759599332220                               -60.519640925447121
7.156594323873122                               -60.606959609225648
7.157429048414023                               -60.693611873835700
7.158263772954925                               -60.779609654482812
7.159098497495827                               -60.864964577314502
7.159933222036728                               -60.949687970038234
7.160767946577629                               -61.033790872087948
7.161602671118532                               -61.117284044360304
7.162437395659432                               -61.200177978544765
7.163272120200333                               -61.282482906066171
7.164106844741235                               -61.364208806659633
7.164941569282137                               -61.445365416594498
7.165776293823038                               -61.525962236566549
7.166611018363940                               -61.606008539272366
7.167445742904841                               -61.685513376682408
7.168280467445743                               -61.764485587026989
7.169115191986645                               -61.842933801506831
7.169949916527546                               -61.920866450744228
7.170784641068447                               -61.998291770984110
7.171619365609350                               -62.075217810058383
7.172454090150250                               -62.151652433122067
7.173288814691151                               -62.227603328174268
7.174123539232053                               -62.303078011372286
7.174958263772955                               -62.378083832147304
7.175792988313856                               -62.452627978132512
7.176627712854758                               -62.526717479909415
7.177462437395659                               -62.600359215582671
7.178297161936561                               -62.673559915189202
7.179131886477463                               -62.746326164949849
7.179966611018364                               -62.818664411368090
7.180801335559265                               -62.890580965186942
7.181636060100168                               -62.962082005203719
7.182470784641068                               -63.033173581954223
7.183305509181969                               -63.103861621268187
7.184140233722871                               -63.174151927703875
7.184974958263773                               -63.244050187863586
7.185809682804674                               -63.313561973598212
7.186644407345576                               -63.382692745104151
7.187479131886477                               -63.451447853914601
7.188313856427379                               -63.519832545794728
7.189148580968281                               -63.587851963538000
7.189983305509182                               -63.655511149672918
7.190818030050083                               -63.722815049081099
7.191652754590986                               -63.789768511530710
7.192487479131887                               -63.856376294127827
7.193322203672787                               -63.922643063690224
7.194156928213689                               -63.988573399045734
7.194991652754591                               -64.054171793257694
7.195826377295492                               -64.119442655781540
7.196661101836394                               -64.184390314552701
7.197495826377295                               -64.249019018011339
7.198330550918197                               -64.313332937064246
7.199165275459099                               -64.377336166986993
7.200000000000000                               -64.441032729267334
