============================================================================================
ANSOFT                                                                              03/02/26
S Parameter Plot1                                                                   16:58:57

--------------------------------------------------------------------------------------------
       Freq [GHz]   dB(S(LumpPort_LINE_start,LumpPort_LINE_end)) []
                                                                   
6.700000000000000                                -0.007978129883504
6.700801603206413                                -0.007975565509415
6.701603206412826                                -0.007973000325021
6.702404809619239                                -0.007970434330277
6.703206412825651                                -0.007967867525127
6.704008016032065                                -0.007965299909521
6.704809619238477                                -0.007962731483400
6.705611222444890                                -0.007960162246701
6.706412825651302                                -0.007957592199362
6.707214428857716                                -0.007955021341320
6.708016032064128                                -0.007952449672503
6.708817635270541                                -0.007949877192839
6.709619238476954                                -0.007947303902258
6.710420841683367                                -0.007944729800676
6.711222444889779                                -0.007942154888017
6.712024048096192                                -0.007939579164199
6.712825651302605                                -0.007937002629134
6.713627254509018                                -0.007934425282731
6.714428857715431                                -0.007931847124902
6.715230460921844                                -0.007929268155548
6.716032064128257                                -0.007926688374575
6.716833667334669                                -0.007924107781877
6.717635270541082                                -0.007921526377355
6.718436873747494                                -0.007918944160903
6.719238476953908                                -0.007916361132404
6.720040080160320                                -0.007913777291753
6.720841683366734                                -0.007911192638828
6.721643286573146                                -0.007908607173516
6.722444889779559                                -0.007906020895693
6.723246492985973                                -0.007903433805231
6.724048096192385                                -0.007900845902008
6.724849699398798                                -0.007898257185889
6.725651302605210                                -0.007895667656744
6.726452905811623                                -0.007893077314431
6.727254509018036                                -0.007890486158811
6.728056112224449                                -0.007887894189747
6.728857715430862                                -0.007885301407091
6.729659318637275                                -0.007882707810692
6.730460921843687                                -0.007880113400399
6.731262525050100                                -0.007877518176059
6.732064128256512                                -0.007874922137514
6.732865731462926                                -0.007872325284605
6.733667334669338                                -0.007869727617165
6.734468937875752                                -0.007867129135033
6.735270541082165                                -0.007864529838038
6.736072144288577                                -0.007861929726006
6.736873747494990                                -0.007859328798767
6.737675350701402                                -0.007856727056138
6.738476953907816                                -0.007854124497948
6.739278557114228                                -0.007851521124009
6.740080160320642                                -0.007848916934132
6.740881763527054                                -0.007846311928135
6.741683366733467                                -0.007843706105824
6.742484969939880                                -0.007841099467010
6.743286573146293                                -0.007838492011493
6.744088176352705                                -0.007835883739078
6.744889779559118                                -0.007833274649564
6.745691382765531                                -0.007830664742747
6.746492985971944                                -0.007828054018426
6.747294589178357                                -0.007825442476389
6.748096192384770                                -0.007822830116429
6.748897795591183                                -0.007820216938333
6.749699398797595                                -0.007817602941891
6.750501002004008                                -0.007814988126886
6.751302605210420                                -0.007812372493098
6.752104208416834                                -0.007809756040311
6.752905811623246                                -0.007807138768307
6.753707414829660                                -0.007804520676859
6.754509018036072                                -0.007801901765745
6.755310621242485                                -0.007799282034744
6.756112224448898                                -0.007796661483622
6.756913827655310                                -0.007794040112157
6.757715430861724                                -0.007791417920118
6.758517034068136                                -0.007788794907279
6.759318637274549                                -0.007786171073406
6.760120240480962                                -0.007783546418271
6.760921843687375                                -0.007780920941647
6.761723446893788                                -0.007778294643294
6.762525050100201                                -0.007775667522987
6.763326653306613                                -0.007773039580489
6.764128256513026                                -0.007770410815572
6.764929859719438                                -0.007767781228008
6.765731462925852                                -0.007765150817562
6.766533066132264                                -0.007762519584007
6.767334669338678                                -0.007759887527113
6.768136272545090                                -0.007757254646655
6.768937875751503                                -0.007754620942403
6.769739478957916                                -0.007751986414137
6.770541082164328                                -0.007749351061634
6.771342685370742                                -0.007746714884672
6.772144288577154                                -0.007744077883040
6.772945891783567                                -0.007741440056515
6.773747494989980                                -0.007738801404887
6.774549098196393                                -0.007736161927953
6.775350701402806                                -0.007733521625506
6.776152304609218                                -0.007730880497343
6.776953907815631                                -0.007728238543272
6.777755511022044                                -0.007725595763101
6.778557114228456                                -0.007722952156644
6.779358717434870                                -0.007720307723717
6.780160320641283                                -0.007717662464153
6.780961923847696                                -0.007715016377778
6.781763527054109                                -0.007712369464431
6.782565130260521                                -0.007709721723965
6.783366733466934                                -0.007707073156228
6.784168336673346                                -0.007704423761082
6.784969939879760                                -0.007701773538406
6.785771543086172                                -0.007699122488075
6.786573146292586                                -0.007696470609982
6.787374749498998                                -0.007693817904029
6.788176352705411                                -0.007691164370130
6.788977955911824                                -0.007688510008210
6.789779559118236                                -0.007685854818204
6.790581162324649                                -0.007683198800069
6.791382765531062                                -0.007680541953765
6.792184368737475                                -0.007677884279278
6.792985971943888                                -0.007675225776602
6.793787575150301                                -0.007672566445750
6.794589178356714                                -0.007669906286750
6.795390781563126                                -0.007667245299655
6.796192384769538                                -0.007664583484528
6.796993987975952                                -0.007661920841464
6.797795591182364                                -0.007659257370567
6.798597194388778                                -0.007656593071975
6.799398797595190                                -0.007653927945837
6.800200400801604                                -0.007651261992339
6.801002004008016                                -0.007648595211685
6.801803607214429                                -0.007645927604111
6.802605210420841                                -0.007643259169881
6.803406813627254                                -0.007640589909284
6.804208416833668                                -0.007637919822645
6.805010020040080                                -0.007635248910322
6.805811623246493                                -0.007632577172705
6.806613226452906                                -0.007629904610224
6.807414829659319                                -0.007627231223342
6.808216432865732                                -0.007624557012563
6.809018036072144                                -0.007621881978436
6.809819639278556                                -0.007619206121549
6.810621242484970                                -0.007616529442538
6.811422845691382                                -0.007613851942083
6.812224448897796                                -0.007611173620919
6.813026052104208                                -0.007608494479829
6.813827655310622                                -0.007605814519648
6.814629258517034                                -0.007603133741272
6.815430861723446                                -0.007600452145661
6.816232464929860                                -0.007597769733825
6.817034068136272                                -0.007595086506845
6.817835671342686                                -0.007592402465869
6.818637274549098                                -0.007589717612119
6.819438877755512                                -0.007587031946882
6.820240480961924                                -0.007584345471535
6.821042084168337                                -0.007581658187524
6.821843687374749                                -0.007578970096385
6.822645290581162                                -0.007576281199744
6.823446893787575                                -0.007573591499307
6.824248496993988                                -0.007570900996891
6.825050100200400                                -0.007568209694408
6.825851703406814                                -0.007565517593871
6.826653306613227                                -0.007562824697404
6.827454909819640                                -0.007560131007247
6.828256513026052                                -0.007557436525757
6.829058116232464                                -0.007554741255420
6.829859719438878                                -0.007552045198847
6.830661322645290                                -0.007549348358788
6.831462925851704                                -0.007546650738130
6.832264529058116                                -0.007543952339917
6.833066132264530                                -0.007541253167343
6.833867735470942                                -0.007538553223760
6.834669338677354                                -0.007535852512700
6.835470941883767                                -0.007533151037855
6.836272545090180                                -0.007530448803120
6.837074148296593                                -0.007527745812566
6.837875751503006                                -0.007525042070476
6.838677354709419                                -0.007522337581344
6.839478957915832                                -0.007519632349875
6.840280561122245                                -0.007516926381013
6.841082164328657                                -0.007514219679932
6.841883767535070                                -0.007511512252069
6.842685370741482                                -0.007508804103116
6.843486973947896                                -0.007506095239040
6.844288577154308                                -0.007503385666093
6.845090180360722                                -0.007500675390833
6.845891783567134                                -0.007497964420122
6.846693386773548                                -0.007495252761158
6.847494989979960                                -0.007492540421480
6.848296593186372                                -0.007489827408981
6.849098196392786                                -0.007487113731936
6.849899799599198                                -0.007484399399005
6.850701402805612                                -0.007481684419263
6.851503006012024                                -0.007478968802214
6.852304609218437                                -0.007476252557814
6.853106212424850                                -0.007473535696487
6.853907815631263                                -0.007470818229146
6.854709418837675                                -0.007468100167228
6.855511022044088                                -0.007465381522703
6.856312625250501                                -0.007462662308116
6.857114228456914                                -0.007459942536594
6.857915831663326                                -0.007457222221895
6.858717434869740                                -0.007454501378420
6.859519038076152                                -0.007451780021258
6.860320641282565                                -0.007449058166209
6.861122244488978                                -0.007446335829827
6.861923847695390                                -0.007443613029453
6.862725450901804                                -0.007440889783241
6.863527054108216                                -0.007438166110225
6.864328657314630                                -0.007435442030339
6.865130260521042                                -0.007432717564477
6.865931863727456                                -0.007429992734515
6.866733466933868                                -0.007427267563399
6.867535070140280                                -0.007424542075169
6.868336673346693                                -0.007421816295017
6.869138276553106                                -0.007419090249365
6.869939879759519                                -0.007416363965902
6.870741482965932                                -0.007413637473660
6.871543086172344                                -0.007410910803097
6.872344689378758                                -0.007408183986137
6.873146292585171                                -0.007405457056283
6.873947895791583                                -0.007402730048669
6.874749498997996                                -0.007400003000167
6.875551102204408                                -0.007397275949469
6.876352705410822                                -0.007394548937180
6.877154308617234                                -0.007391822005926
6.877955911823648                                -0.007389095200462
6.878757515030060                                -0.007386368567784
6.879559118236473                                -0.007383642157249
6.880360721442885                                -0.007380916020711
6.881162324649298                                -0.007378190212642
6.881963927855711                                -0.007375464790305
6.882765531062124                                -0.007372739813873
6.883567134268538                                -0.007370015346615
6.884368737474950                                -0.007367291455066
6.885170340681363                                -0.007364568209210
6.885971943887776                                -0.007361845682666
6.886773547094188                                -0.007359123952919
6.887575150300601                                -0.007356403101518
6.888376753507014                                -0.007353683214330
6.889178356713426                                -0.007350964381778
6.889979959919840                                -0.007348246699123
6.890781563126252                                -0.007345530266738
6.891583166332666                                -0.007342815190418
6.892384769539078                                -0.007340101581707
6.893186372745491                                -0.007337389558248
6.893987975951903                                -0.007334679244143
6.894789579158316                                -0.007331970770363
6.895591182364730                                -0.007329264275167
6.896392785571142                                -0.007326559904554
6.897194388777556                                -0.007323857812752
6.897995991983968                                -0.007321158162743
6.898797595190381                                -0.007318461126815
6.899599198396793                                -0.007315766887164
6.900400801603206                                -0.007313075636534
6.901202404809619                                -0.007310387578910
6.902004008016032                                -0.007307702930263
6.902805611222445                                -0.007305021919335
6.903607214428858                                -0.007302344788514
6.904408817635270                                -0.007299671794737
6.905210420841684                                -0.007297003210507
6.906012024048096                                -0.007294339324941
6.906813627254509                                -0.007291680444945
6.907615230460922                                -0.007289026896462
6.908416833667334                                -0.007286379025800
6.909218436873748                                -0.007283737201114
6.910020040080160                                -0.007281101813975
6.910821643286574                                -0.007278473281068
6.911623246492986                                -0.007275852046059
6.912424849699399                                -0.007273238581594
6.913226452905811                                -0.007270633391472
6.914028056112224                                -0.007268037013026
6.914829659318637                                -0.007265450019680
6.915631262525050                                -0.007262873023768
6.916432865731463                                -0.007260306679562
6.917234468937876                                -0.007257751686623
6.918036072144289                                -0.007255208793410
6.918837675350701                                -0.007252678801256
6.919639278557114                                -0.007250162568708
6.920440881763527                                -0.007247661016256
6.921242484969940                                -0.007245175131562
6.922044088176352                                -0.007242705975141
6.922845691382766                                -0.007240254686643
6.923647294589178                                -0.007237822491743
6.924448897795592                                -0.007235410709714
6.925250501002004                                -0.007233020761808
6.926052104208417                                -0.007230654180466
6.926853707414829                                -0.007228312619518
6.927655310621242                                -0.007225997865465
6.928456913827656                                -0.007223711849965
6.929258517034068                                -0.007221456663708
6.930060120240482                                -0.007219234571813
6.930861723446894                                -0.007217048030960
6.931663326653307                                -0.007214899708500
6.932464929859719                                -0.007212792503752
6.933266533066132                                -0.007210729571858
6.934068136272545                                -0.007208714350428
6.934869739478958                                -0.007206750589509
6.935671342685371                                -0.007204842385189
6.936472945891784                                -0.007202994217465
6.937274549098196                                -0.007201210992953
6.938076152304610                                -0.007199498093149
6.938877755511021                                -0.007197861429068
6.939679358717435                                -0.007196307503278
6.940480961923847                                -0.007194843480421
6.941282565130260                                -0.007193477267621
6.942084168336674                                -0.007192217606324
6.942885771543086                                -0.007191074177512
6.943687374749500                                -0.007190057722496
6.944488977955912                                -0.007189180181971
6.945290581162325                                -0.007188454856542
6.946092184368737                                -0.007187896592579
6.946893787575150                                -0.007187521997970
6.947695390781563                                -0.007187349693461
6.948496993987976                                -0.007187400606288
6.949298597194389                                -0.007187698314470
6.950100200400802                                -0.007188269451875
6.950901803607214                                -0.007189144186545
6.951703406813627                                -0.007190356787794
6.952505010020040                                -0.007191946301145
6.953306613226453                                -0.007193957355228
6.954108216432866                                -0.007196441130587
6.954909819639278                                -0.007199456528556
6.955711422845692                                -0.007203071588431
6.956513026052104                                -0.007207365214807
6.957314629258518                                -0.007212429294691
6.958116232464929                                -0.007218371307635
6.958917835671343                                -0.007225317563938
6.959719438877755                                -0.007233417248767
6.960521042084168                                -0.007242847508671
6.961322645290581                                -0.007253819897637
6.962124248496994                                -0.007266588612397
6.962925851703408                                -0.007281461105063
6.963727454909820                                -0.007298811887381
6.964529058116232                                -0.007319100667503
6.965330661322645                                -0.007342896438986
6.966132264529058                                -0.007370909854134
6.966933867735471                                -0.007404037291364
6.967735470941884                                -0.007443421685817
6.968537074148296                                -0.007490537798403
6.969338677354710                                -0.007547313779903
6.970140280561122                                -0.007616307756205
6.970941883767535                                -0.007700969746535
6.971743486973947                                -0.007806039345494
6.972545090180361                                -0.007938165701217
6.973346693386773                                -0.008106903548191
6.974148296593186                                -0.008326369639330
6.974949899799599                                -0.008618110233313
6.975751503006012                                -0.009016305086095
6.976553106212426                                -0.009577760031716
6.977354709418838                                -0.010402459374557
6.978156312625250                                -0.011679619698760
6.978957915831663                                -0.013802914292407
6.979759519038076                                -0.017704722321819
6.980561122244489                                -0.026053776239203
6.981362725450902                                -0.049247495230287
6.982164328657315                                -0.162772766098507
6.982965931863728                                -7.935636991791486
6.983767535070140                                -0.238982091260749
6.984569138276553                                -0.061609885491071
6.985370741482965                                -0.031030001008614
6.986172344689379                                -0.020568045616812
6.986973947895792                                -0.015764862335422
6.987775551102204                                -0.013160011426844
6.988577154308618                                -0.011586416328670
6.989378757515030                                -0.010560931558339
6.990180360721443                                -0.009853934584784
6.990981963927855                                -0.009344825642338
6.991783567134269                                -0.008965269093394
6.992585170340681                                -0.008674160018730
6.993386773547094                                -0.008445549713268
6.994188376753507                                -0.008262390735674
6.994989979959920                                -0.008113101810521
6.995791583166333                                -0.007989587167067
6.996593186372746                                -0.007886046355556
6.997394789579158                                -0.007798233241224
6.998196392785571                                -0.007722980219487
6.998997995991984                                -0.007657884355931
6.999799599198397                                -0.007601095334659
7.000601202404810                                -0.007551169107239
7.001402805611222                                -0.007506964938643
7.002204408817636                                -0.007467571723567
7.003006012024048                                -0.007432254421476
7.003807615230461                                -0.007400414559268
7.004609218436873                                -0.007371560725645
7.005410821643287                                -0.007345286264652
7.006212424849699                                -0.007321252225091
7.007014028056112                                -0.007299174194110
7.007815631262525                                -0.007278812033731
7.008617234468938                                -0.007259961809678
7.009418837675351                                -0.007242449392129
7.010220440881763                                -0.007226125343083
7.011022044088176                                -0.007210860802311
7.011823647294589                                -0.007196544154492
7.012625250501002                                -0.007183078312108
7.013426853707415                                -0.007170378487087
7.014228456913828                                -0.007158370352970
7.015030060120240                                -0.007146988521094
7.015831663326654                                -0.007136175270776
7.016633266533066                                -0.007125879486062
7.017434869739479                                -0.007116055761438
7.018236472945891                                -0.007106663646384
7.019038076152305                                -0.007097667004593
7.019839679358717                                -0.007089033468340
7.020641282565130                                -0.007080733972112
7.021442885771544                                -0.007072742352574
7.022244488977956                                -0.007065035004295
7.023046092184369                                -0.007057590582422
7.023847695390781                                -0.007050389745186
7.024649298597195                                -0.007043414930167
7.025450901803607                                -0.007036650159352
7.026252505010020                                -0.007030080868842
7.027054108216433                                -0.007023693759642
7.027855711422846                                -0.007017476666643
7.028657314629259                                -0.007011418443255
7.029458917835671                                -0.007005508859592
7.030260521042083                                -0.006999738512449
7.031062124248497                                -0.006994098745451
7.031863727454910                                -0.006988581578151
7.032665330661323                                -0.006983179642915
7.033466933867736                                -0.006977886128602
7.034268537074148                                -0.006972694730270
7.035070140280562                                -0.006967599604112
7.035871743486974                                -0.006962595327061
7.036673346693387                                -0.006957676860494
7.037474949899799                                -0.006952839517544
7.038276553106213                                -0.006948078933671
7.039078156312625                                -0.006943391040055
7.039879759519038                                -0.006938772039545
7.040681362725451                                -0.006934218384905
7.041482965931864                                -0.006929726759038
7.042284569138276                                -0.006925294057068
7.043086172344689                                -0.006920917370009
7.043887775551101                                -0.006916593969915
7.044689378757515                                -0.006912321296345
7.045490981963928                                -0.006908096943971
7.046292585170341                                -0.006903918651289
7.047094188376754                                -0.006899784290258
7.047895791583166                                -0.006895691856833
7.048697394789579                                -0.006891639462255
7.049498997995991                                -0.006887625325062
7.050300601202405                                -0.006883647763751
7.051102204408817                                -0.006879705190023
7.051903807615231                                -0.006875796102547
7.052705410821643                                -0.006871919081222
7.053507014028056                                -0.006868072781886
7.054308617234469                                -0.006864255931405
7.055110220440882                                -0.006860467323155
7.055911823647295                                -0.006856705812820
7.056713426853707                                -0.006852970314521
7.057515030060120                                -0.006849259797200
7.058316633266533                                -0.006845573281292
7.059118236472946                                -0.006841909835608
7.059919839679359                                -0.006838268574455
7.060721442885772                                -0.006834648654951
7.061523046092185                                -0.006831049274526
7.062324649298597                                -0.006827469668580
7.063126252505009                                -0.006823909108329
7.063927855711423                                -0.006820366898769
7.064729458917835                                -0.006816842376781
7.065531062124249                                -0.006813334909366
7.066332665330662                                -0.006809843891982
7.067134268537074                                -0.006806368747009
7.067935871743487                                -0.006802908922294
7.068737474949899                                -0.006799463889786
7.069539078156313                                -0.006796033144275
7.070340681362725                                -0.006792616202181
7.071142284569139                                -0.006789212600444
7.071943887775551                                -0.006785821895473
7.072745490981964                                -0.006782443662146
7.073547094188377                                -0.006779077492880
7.074348697394790                                -0.006775722996766
7.075150300601202                                -0.006772379798726
7.075951903807615                                -0.006769047538749
7.076753507014027                                -0.006765725871155
7.077555110220441                                -0.006762414463903
7.078356713426854                                -0.006759112997937
7.079158316633267                                -0.006755821166579
7.079959919839680                                -0.006752538674938
7.080761523046092                                -0.006749265239365
7.081563126252505                                -0.006746000586936
7.082364729458917                                -0.006742744454959
7.083166332665331                                -0.006739496590507
7.083967935871743                                -0.006736256749979
7.084769539078157                                -0.006733024698691
7.085571142284569                                -0.006729800210469
7.086372745490982                                -0.006726583067281
7.087174348697395                                -0.006723373058881
7.087975951903807                                -0.006720169982478
7.088777555110220                                -0.006716973642400
7.089579158316633                                -0.006713783849811
7.090380761523046                                -0.006710600422411
7.091182364729459                                -0.006707423184157
7.091983967935872                                -0.006704251965015
7.092785571142285                                -0.006701086600705
7.093587174348698                                -0.006697926932464
7.094388777555110                                -0.006694772806826
7.095190380761523                                -0.006691624075405
7.095991983967935                                -0.006688480594693
7.096793587174349                                -0.006685342225859
7.097595190380761                                -0.006682208834579
7.098396793587175                                -0.006679080290847
7.099198396793587                                -0.006675956468809
7.100000000000000                                -0.006672837246605
