============================================================================================
ANSOFT                                                                              03/02/26
S Parameter Plot1                                                                   18:38:51

--------------------------------------------------------------------------------------------
       Freq [GHz]   dB(S(LumpPort_LINE2_end,LumpPort_LINE1_start)) []
                                                                     
6.000000000000000                                -102.669861267239938
6.002504173622705                                -102.604292601462930
6.005008347245409                                -102.538650671531741
6.007512520868113                                -102.472934476792176
6.010016694490818                                -102.407143010936210
6.012520868113523                                -102.341275261916479
6.015025041736227                                -102.275330211837655
6.017529215358931                                -102.209306836857067
6.020033388981636                                -102.143204107100388
6.022537562604341                                -102.077020986541967
6.025041736227045                                -102.010756432914249
6.027545909849749                                -101.944409397592210
6.030050083472454                                -101.877978825518611
6.032554257095159                                -101.811463655062738
6.035058430717863                                -101.744862817932784
6.037562604340567                                -101.678175239073283
6.040066777963272                                -101.611399836531774
6.042570951585977                                -101.544535521382713
6.045075125208681                                -101.477581197579866
6.047579298831385                                -101.410535761867337
6.050083472454090                                -101.343398103658245
6.052587646076795                                -101.276167104910087
6.055091819699499                                -101.208841640018349
6.057595993322203                                -101.141420575689523
6.060100166944908                                -101.073902770827857
6.062604340567613                                -101.006287076395353
6.065108514190317                                -100.938572335313395
6.067612687813022                                -100.870757382323561
6.070116861435726                                -100.802841043845461
6.072621035058431                                -100.734822137866345
6.075125208681135                                -100.666699473823670
6.077629382303840                                -100.598471852423273
6.080133555926544                                -100.530138065557566
6.082637729549249                                -100.461696896134299
6.085141903171953                                -100.393147117962243
6.087646076794658                                -100.324487495579859
6.090150250417362                                -100.255716784148902
6.092654424040067                                -100.186833729279329
6.095158597662771                                -100.117837066903604
6.097662771285476                                -100.048725523111443
6.100166944908180                                 -99.979497814011637
6.102671118530885                                 -99.910152645574257
6.105175292153589                                 -99.840688713471025
6.107679465776294                                 -99.771104702928270
6.110183639398998                                 -99.701399288547492
6.112687813021703                                 -99.631571134163096
6.115191986644407                                 -99.561618892667738
6.117696160267112                                 -99.491541205841699
6.120200333889816                                 -99.421336704191503
6.122704507512521                                 -99.351004006770040
6.125208681135225                                 -99.280541721002521
6.127712854757930                                 -99.209948442508392
6.130217028380634                                 -99.139222754918862
6.132721202003339                                 -99.068363229700708
6.135225375626043                                 -98.997368425956864
6.137729549248748                                 -98.926236890244823
6.140233722871453                                 -98.854967156382713
6.142737896494157                                 -98.783557745248785
6.145242070116861                                 -98.712007164593075
6.147746243739566                                 -98.640313908823529
6.150250417362271                                 -98.568476458801072
6.152754590984975                                 -98.496493281635153
6.155258764607679                                 -98.424362830474635
6.157762938230384                                 -98.352083544279182
6.160267111853089                                 -98.279653847611485
6.162771285475793                                 -98.207072150410042
6.165275459098497                                 -98.134336847750888
6.167779632721202                                 -98.061446319644418
6.170283806343907                                 -97.988398930766110
6.172787979966611                                 -97.915193030240374
6.175292153589315                                 -97.841826951387930
6.177796327212020                                 -97.768299011484572
6.180300500834725                                 -97.694607511507044
6.182804674457429                                 -97.620750735866650
6.185308848080133                                 -97.546726952171355
6.187813021702838                                 -97.472534410929342
6.190317195325543                                 -97.398171345313628
6.192821368948247                                 -97.323635970861233
6.195325542570951                                 -97.248926485202901
6.197829716193656                                 -97.174041067779783
6.200333889816361                                 -97.098977879548158
6.202838063439065                                 -97.023735062695323
6.205342237061769                                 -96.948310740321517
6.207846410684474                                 -96.872703016155342
6.210350584307179                                 -96.796909974217954
6.212854757929883                                 -96.720929678529529
6.215358931552587                                 -96.644760172767477
6.217863105175292                                 -96.568399479945953
6.220367278797997                                 -96.491845602085547
6.222871452420701                                 -96.415096519852796
6.225375626043405                                 -96.338150192230231
6.227879799666110                                 -96.261004556156863
6.230383973288815                                 -96.183657526160061
6.232888146911519                                 -96.106106993991318
6.235392320534223                                 -96.028350828254773
6.237896494156928                                 -95.950386874012267
6.240400667779633                                 -95.872212952408944
6.242904841402337                                 -95.793826860257354
6.245409015025041                                 -95.715226369649514
6.247913188647746                                 -95.636409227525490
6.250417362270451                                 -95.557373155264173
6.252921535893155                                 -95.478115848246404
6.255425709515859                                 -95.398634975417338
6.257929883138564                                 -95.318928178838945
6.260434056761269                                 -95.238993073230318
6.262938230383973                                 -95.158827245507609
6.265442404006678                                 -95.078428254296824
6.267946577629382                                 -94.997793629466656
6.270450751252087                                 -94.916920871606308
6.272954924874791                                 -94.835807451543815
6.275459098497496                                 -94.754450809822970
6.277963272120200                                 -94.672848356165360
6.280467445742905                                 -94.590997468944835
6.282971619365609                                 -94.508895494639887
6.285475792988314                                 -94.426539747254665
6.287979966611018                                 -94.343927507766935
6.290484140233723                                 -94.261056023531026
6.292988313856427                                 -94.177922507680748
6.295492487479132                                 -94.094524138520342
6.297996661101836                                 -94.010858058905256
6.300500834724541                                 -93.926921375597615
6.303005008347245                                 -93.842711158614435
6.305509181969950                                 -93.758224440571325
6.308013355592654                                 -93.673458215991616
6.310517529215359                                 -93.588409440613916
6.313021702838063                                 -93.503075030685125
6.315525876460768                                 -93.417451862229157
6.318030050083472                                 -93.331536770308290
6.320534223706177                                 -93.245326548255051
6.323038397328881                                 -93.158817946904705
6.325542570951586                                 -93.072007673789415
6.328046744574290                                 -92.984892392341365
6.330550918196995                                 -92.897468721041818
6.333055091819699                                 -92.809733232581308
6.335559265442404                                 -92.721682452988645
6.338063439065109                                 -92.633312860734932
6.340567612687813                                 -92.544620885821317
6.343071786310517                                 -92.455602908852015
6.345575959933222                                 -92.366255260071085
6.348080133555927                                 -92.276574218384184
6.350584307178631                                 -92.186556010360619
6.353088480801335                                 -92.096196809206035
6.355592654424040                                 -92.005492733703477
6.358096828046745                                 -91.914439847147591
6.360601001669449                                 -91.823034156237341
6.363105175292153                                 -91.731271609939711
6.365609348914858                                 -91.639148098341650
6.368113522537563                                 -91.546659451453465
6.370617696160267                                 -91.453801438001761
6.373121869782971                                 -91.360569764173093
6.375626043405676                                 -91.266960072337781
6.378130217028381                                 -91.172967939745433
6.380634390651085                                 -91.078588877171740
6.383138564273789                                 -90.983818327543631
6.385642737896494                                 -90.888651664522072
6.388146911519199                                 -90.793084191056721
6.390651085141902                                 -90.697111137889408
6.393155258764607                                 -90.600727662027651
6.395659432387312                                 -90.503928845187005
6.398163606010017                                 -90.406709692158785
6.400667779632721                                 -90.309065129181150
6.403171953255425                                 -90.210990002228328
6.405676126878130                                 -90.112479075271196
6.408180300500835                                 -90.013527028487573
6.410684474123539                                 -89.914128456422603
6.413188647746243                                 -89.814277866104376
6.415692821368948                                 -89.713969675089587
6.418196994991653                                 -89.613198209494612
6.420701168614357                                 -89.511957701909196
6.423205342237061                                 -89.410242289324259
6.425709515859766                                 -89.308046010938000
6.428213689482471                                 -89.205362805944503
6.430717863105175                                 -89.102186511230585
6.433222036727879                                 -88.998510859021579
6.435726210350584                                 -88.894329474458800
6.438230383973289                                 -88.789635873093658
6.440734557595993                                 -88.684423458331736
6.443238731218697                                 -88.578685518774620
6.445742904841402                                 -88.472415225503966
6.448247078464107                                 -88.365605629275706
6.450751252086811                                 -88.258249657630174
6.453255425709515                                 -88.150340111920954
6.455759599332220                                 -88.041869664244956
6.458263772954925                                 -87.932830854290330
6.460767946577629                                 -87.823216086070147
6.463272120200334                                 -87.713017624574519
6.465776293823038                                 -87.602227592308409
6.468280467445743                                 -87.490837965723372
6.470784641068447                                 -87.378840571531683
6.473288814691152                                 -87.266227082912579
6.475792988313856                                 -87.152989015589668
6.478297161936561                                 -87.039117723792998
6.480801335559265                                 -86.924604396072866
6.483305509181970                                 -86.809440050995491
6.485809682804674                                 -86.693615532686323
6.488313856427379                                 -86.577121506232686
6.490818030050083                                 -86.459948452924834
6.493322203672788                                 -86.342086665352923
6.495826377295492                                 -86.223526242319082
6.498330550918197                                 -86.104257083597403
6.500834724540901                                 -85.984268884496146
6.503338898163606                                 -85.863551130249235
6.505843071786310                                 -85.742093090197613
6.508347245409015                                 -85.619883811782515
6.510851419031719                                 -85.496912114316800
6.513355592654424                                 -85.373166582536314
6.515859766277128                                 -85.248635559932808
6.518363939899833                                 -85.123307141827965
6.520868113522537                                 -84.997169168213333
6.523372287145242                                 -84.870209216318969
6.525876460767946                                 -84.742414592913761
6.528380634390651                                 -84.613772326321040
6.530884808013355                                 -84.484269158126040
6.533388981636060                                 -84.353891534584193
6.535893155258765                                 -84.222625597697515
6.538397328881469                                 -84.090457175945119
6.540901502504173                                 -83.957371774669411
6.543405676126878                                 -83.823354566068545
6.545909849749583                                 -83.688390378820856
6.548414023372287                                 -83.552463687273487
6.550918196994991                                 -83.415558600222269
6.553422370617696                                 -83.277658849229695
6.555926544240401                                 -83.138747776468662
6.558430717863104                                 -82.998808322072520
6.560934891485809                                 -82.857823010969526
6.563439065108514                                 -82.715773939152882
6.565943238731219                                 -82.572642759391897
6.568447412353922                                 -82.428410666331189
6.570951585976627                                 -82.283058380952752
6.573455759599332                                 -82.136566134368948
6.575959933222037                                 -81.988913650915677
6.578464106844740                                 -81.840080130493220
6.580968280467445                                 -81.690044230134021
6.583472454090150                                 -81.538784044745029
6.585976627712855                                 -81.386277086976577
6.588480801335558                                 -81.232500266172210
6.590984974958263                                 -81.077429866362266
6.593489148580968                                 -80.921041523219060
6.595993322203673                                 -80.763310199939099
6.598497495826377                                 -80.604210161982309
6.601001669449081                                 -80.443714950596203
6.603505843071786                                 -80.281797355067184
6.606010016694491                                 -80.118429383609978
6.608514190317195                                 -79.953582232816657
6.611018363939899                                 -79.787226255593438
6.613522537562604                                 -79.619330927461917
6.616026711185309                                 -79.449864811161348
6.618530884808013                                 -79.278795519407495
6.621035058430717                                 -79.106089675726409
6.623539232053422                                 -78.931712873212646
6.626043405676127                                 -78.755629631099197
6.628547579298831                                 -78.577803348972395
6.631051752921535                                 -78.398196258503418
6.633555926544240                                 -78.216769372507088
6.636060100166945                                 -78.033482431163492
6.638564273789649                                 -77.848293845188635
6.641068447412353                                 -77.661160635766507
6.643572621035058                                 -77.472038370996088
6.646076794657763                                 -77.280881098611772
6.648580968280467                                 -77.087641274706002
6.651085141903171                                 -76.892269688172320
6.653589315525876                                 -76.694715380533808
6.656093489148581                                 -76.494925560828378
6.658597662771285                                 -76.292845515165965
6.661101836393990                                 -76.088418510545225
6.663606010016694                                 -75.881585692495449
6.666110183639399                                 -75.672285976030878
6.668614357262103                                 -75.460455929402997
6.671118530884808                                 -75.246029650053387
6.673622704507512                                 -75.028938632115867
6.676126878130217                                 -74.809111624775710
6.678631051752921                                 -74.586474480684643
6.681135225375626                                 -74.360949993594687
6.683639398998330                                 -74.132457724238861
6.686143572621035                                 -73.900913813429753
6.688647746243739                                 -73.666230781204817
6.691151919866444                                 -73.428317310730932
6.693656093489148                                 -73.187078015548792
6.696160267111853                                 -72.942413188551228
6.698664440734557                                 -72.694218530944738
6.701168614357262                                 -72.442384859196281
6.703672787979966                                 -72.186797787767517
6.706176961602671                                 -71.927337385154360
6.708681135225375                                 -71.663877800451033
6.711185308848080                                 -71.396286857300495
6.713689482470784                                 -71.124425611715694
6.716193656093489                                 -70.848147869768610
6.718697829716193                                 -70.567299660643798
6.721202003338898                                 -70.281718659917757
6.723706176961602                                 -69.991233557234224
6.726210350584306                                 -69.695663361715418
6.728714524207011                                 -69.394816637493662
6.731218697829716                                 -69.088490660620238
6.733722871452421                                 -68.776470487303499
6.736227045075124                                 -68.458527921870484
6.738731218697829                                 -68.134420371023992
6.741235392320534                                 -67.803889568799590
6.743739565943239                                 -67.466660154046224
6.746243739565942                                 -67.122438079169072
6.748747913188648                                 -66.770908825197765
6.751252086811352                                 -66.411735393754185
6.753756260434058                                 -66.044556041138335
6.756260434056760                                 -65.668981713177473
6.758764607679466                                 -65.284593131461833
6.761268781302170                                 -64.890937471760978
6.763772954924876                                 -64.487524563215175
6.766277128547578                                 -64.073822521783370
6.768781302170284                                 -63.649252712489776
6.771285475792988                                 -63.213183911161863
6.773789649415694                                 -62.764925506143243
6.776293823038396                                 -62.303719541832059
6.778797996661102                                 -61.828731356177322
6.781302170283806                                 -61.339038499710739
6.783806343906511                                 -60.833617539084884
6.786310517529214                                 -60.311328236213903
6.788814691151920                                 -59.770894444541597
6.791318864774624                                 -59.210880861850974
6.793823038397329                                 -58.629664502571153
6.796327212020033                                 -58.025399369500413
6.798831385642738                                 -57.395972266512523
6.801335559265442                                 -56.738946925661004
6.803839732888147                                 -56.051492507148893
6.806343906510851                                 -55.330290882375202
6.808848080133556                                 -54.571414622962394
6.811352253756260                                 -53.770163778906792
6.813856427378965                                 -52.920843448360344
6.816360601001669                                 -52.016454231932670
6.818864774624374                                 -51.048250979043658
6.821368948247078                                 -50.005096069154675
6.823873121869783                                 -48.872480232088833
6.826377295492487                                 -47.630981644744963
6.828881469115192                                 -46.253725266342428
6.831385642737896                                 -44.701945378085924
6.833889816360601                                 -42.916647326266293
6.836393989983305                                 -40.801355760945896
6.838898163606010                                 -38.181320725453077
6.841402337228714                                 -34.685610246204604
6.843906510851419                                 -29.263693454336877
6.846410684474123                                 -15.168767112791421
6.848914858096829                                 -24.342234662549398
6.851419031719532                                 -31.277441946255998
6.853923205342237                                 -34.831476463707972
6.856427378964941                                 -37.149410685913729
6.858931552587647                                 -38.814370248326306
6.861435726210350                                 -40.070066356245135
6.863939899833055                                 -41.041210544574788
6.866444073455759                                 -41.799680788477296
6.868948247078465                                 -42.390159836279857
6.871452420701168                                 -42.841777841030968
6.873956594323873                                 -43.173998709469650
6.876460767946577                                 -43.399821850369108
6.878964941569283                                 -43.527599569381024
6.881469115191986                                 -43.562071158451261
6.883973288814691                                 -43.504904758580253
6.886477462437395                                 -43.354883122706354
6.888981636060101                                 -43.107777206627311
6.891485809682804                                 -42.755877990696412
6.893989983305509                                 -42.287070932265593
6.896494156928213                                 -41.683199268444568
6.898998330550919                                 -40.917193314122187
6.901502504173622                                 -39.947848887853880
6.904006677796327                                 -38.709668046042751
6.906510851419031                                 -37.091015264341628
6.909015025041737                                 -34.879743266924017
6.911519198664440                                 -31.592857337337826
6.914023372287145                                 -25.656299263773526
6.916527545909849                                  -7.768906877000789
6.919031719532555                                 -27.156273579032522
6.921535893155258                                 -33.170631260682228
6.924040066777963                                 -36.850920642059123
6.926544240400667                                 -39.539121138611662
6.929048414023373                                 -41.672162859630369
6.931552587646077                                 -43.447845826715472
6.934056761268781                                 -44.972674793547128
6.936560934891485                                 -46.310603765662684
6.939065108514191                                 -47.503032845355776
6.941569282136895                                 -48.578268421561731
6.944073455759599                                 -49.556476063015907
6.946577629382303                                 -50.452478251017197
6.949081803005009                                 -51.277430420905638
6.951585976627713                                 -52.039872500921788
6.954090150250417                                 -52.746412860330558
6.956594323873121                                 -53.402185248247100
6.959098497495827                                 -54.011159245641771
6.961602671118531                                 -54.576351971823989
6.964106844741235                                 -55.099969943874669
6.966611018363940                                 -55.583498549832157
6.969115191986645                                 -56.027749164297745
6.971619365609349                                 -56.432868606723304
6.974123539232054                                 -56.798311229112230
6.976627712854758                                 -57.122769520929175
6.979131886477463                                 -57.404053834960067
6.981636060100167                                 -57.638904480643411
6.984140233722872                                 -57.822708099002924
6.986644407345576                                 -57.949071519707715
6.989148580968281                                 -58.009173647704742
6.991652754590985                                 -57.990755916251487
6.994156928213690                                 -57.876495249730084
6.996661101836394                                 -57.641261939828674
6.999165275459099                                 -57.247224127673142
7.001669449081803                                 -56.634426778884269
7.004173622704508                                 -55.700739481272386
7.006677796327212                                 -54.252634029534754
7.009181969949917                                 -51.854564008136343
7.011686143572621                                 -47.137491775702280
7.014190317195326                                 -21.509358305791228
7.016694490818030                                 -48.713595619748119
7.019198664440735                                 -56.274976063812744
7.021702838063439                                 -61.310777530717964
7.024207011686144                                 -65.440917916880949
7.026711185308848                                 -69.203459937812866
7.029215358931553                                 -72.899124130466589
7.031719532554257                                 -76.796503758127997
7.034223706176962                                 -81.282592186766024
7.036727879799666                                 -87.249904458538325
7.039232053422371                                 -99.042798532902566
7.041736227045075                                 -97.401749908255908
7.044240400667780                                 -89.743024451924242
7.046744574290485                                 -86.470359862152776
7.049248747913189                                 -84.556311188400144
7.051752921535893                                 -83.299181967342065
7.054257095158598                                 -82.423379859773704
7.056761268781303                                 -81.792972112501658
7.059265442404007                                 -81.331404659907562
7.061769616026711                                 -80.991605067270527
7.064273789649416                                 -80.742751605962724
7.066777963272121                                 -80.563684878406121
7.069282136894825                                 -80.439331103894119
7.071786310517529                                 -80.358627347041377
7.074290484140234                                 -80.313253020833599
7.076794657762939                                 -80.296820424505142
7.079298831385643                                 -80.304339503802979
7.081803005008347                                 -80.331853139304570
7.084307178631052                                 -80.376182152037714
7.086811352253757                                 -80.434742996733462
7.089315525876461                                 -80.505414850813196
7.091819699499165                                 -80.586441028522842
7.094323873121870                                 -80.676354723365989
7.096828046744575                                 -80.773922300056199
7.099332220367279                                 -80.878099447687518
7.101836393989983                                 -80.987996893763125
7.104340567612688                                 -81.102853318450968
7.106844741235393                                 -81.222013755563097
7.109348914858098                                 -81.344912220157269
7.111853088480801                                 -81.471057624477922
7.114357262103506                                 -81.600022275910845
7.116861435726211                                 -81.731432419635809
7.119365609348915                                 -81.864960413185742
7.121869782971619                                 -82.000318213224816
7.124373956594324                                 -82.137251924569057
7.126878130217029                                 -82.275537214701018
7.129382303839733                                 -82.414975437749334
7.131886477462437                                 -82.555390343209780
7.134390651085142                                 -82.696625269348800
7.136894824707847                                 -82.838540740120820
7.139398998330551                                 -82.981012399937541
7.141903171953255                                 -83.123929232240883
7.144407345575960                                 -83.267192017761232
7.146911519198665                                 -83.410711995854456
7.149415692821369                                 -83.554409698628987
7.151919866444073                                 -83.698213932597952
7.154424040066778                                 -83.842060886734629
7.156928213689483                                 -83.985893349193447
7.159432387312187                                 -84.129660017721889
7.161936560934891                                 -84.273314891126859
7.164440734557596                                 -84.416816731004957
7.166944908180301                                 -84.560128584658571
7.169449081803005                                 -84.703217361275989
7.171953255425710                                 -84.846053454777675
7.174457429048414                                 -84.988610407465060
7.176961602671119                                 -85.130864609576520
7.179465776293823                                 -85.272795030414215
7.181969949916528                                 -85.414382977367751
7.184474123539232                                 -85.555611879531085
7.186978297161937                                 -85.696467093173609
7.189482470784641                                 -85.836935726551928
7.191986644407346                                 -85.977006481963770
7.194490818030050                                 -86.116669513118339
7.196994991652755                                 -86.255916296188445
7.199499165275459                                 -86.394739513078363
7.202003338898164                                 -86.533132945682041
7.204507512520868                                 -86.671091379876657
7.207011686143573                                 -86.808610518372248
7.209515859766277                                 -86.945686901465407
7.212020033388982                                 -87.082317834908707
7.214524207011686                                 -87.218501324213662
7.217028380634391                                 -87.354236014747656
7.219532554257095                                 -87.489521137065211
7.222036727879800                                 -87.624356457004637
7.224540901502504                                 -87.758742230022548
7.227045075125209                                 -87.892679159493014
7.229549248747913                                 -88.026168358477022
7.232053422370618                                 -88.159211314764747
7.234557595993322                                 -88.291809858793329
7.237061769616027                                 -88.423966134231250
7.239565943238731                                 -88.555682571034765
7.242070116861436                                 -88.686961860640849
7.244574290484141                                 -88.817806933253763
7.247078464106845                                 -88.948220936938384
7.249582637729549                                 -89.078207218402795
7.252086811352254                                 -89.207769305369098
7.254590984974959                                 -89.336910890281843
7.257095158597663                                 -89.465635815398485
7.259599332220367                                 -89.593948059031177
7.262103505843072                                 -89.721851722889483
7.264607679465777                                 -89.849351020415526
7.267111853088481                                 -89.976450266075119
7.269616026711185                                 -90.103153865469650
7.272120200333890                                 -90.229466306258871
7.274624373956595                                 -90.355392149778140
7.277128547579299                                 -90.480936023342821
7.279632721202003                                 -90.606102613155045
7.282136894824708                                 -90.730896657780107
7.284641068447413                                 -90.855322942154558
7.287145242070117                                 -90.979386292049213
7.289649415692821                                 -91.103091569029203
7.292153589315526                                 -91.226443665780096
7.294657762938231                                 -91.349447501832373
7.297161936560935                                 -91.472108019652865
7.299666110183639                                 -91.594430181045027
7.302170283806344                                 -91.716418963868534
7.304674457429049                                 -91.838079359028356
7.307178631051753                                 -91.959416367732985
7.309682804674457                                 -92.080434999003003
7.312186978297162                                 -92.201140267373006
7.314691151919867                                 -92.321537190858180
7.317195325542571                                 -92.441630789051757
7.319699499165275                                 -92.561426081450207
7.322203672787980                                 -92.680928085917515
7.324707846410685                                 -92.800141817348674
7.327212020033389                                 -92.919072286408507
7.329716193656093                                 -93.037724498482504
7.332220367278798                                 -93.156103452685528
7.334724540901503                                 -93.274214141050251
7.337228714524207                                 -93.392061547784081
7.339732888146911                                 -93.509650648642562
7.342237061769616                                 -93.626986410381051
7.344741235392321                                 -93.744073790346718
7.347245409015025                                 -93.860917736089760
7.349749582637729                                 -93.977523185089098
7.352253756260434                                 -94.093895064546103
7.354757929883139                                 -94.210038291256950
7.357262103505843                                 -94.325957771515959
7.359766277128547                                 -94.441658401116086
7.362270450751252                                 -94.557145065383736
7.364774624373957                                 -94.672422639278139
7.367278797996661                                 -94.787495987536246
7.369782971619366                                 -94.902369964859133
7.372287145242070                                 -95.017049416162749
7.374791318864775                                 -95.131539176835986
7.377295492487479                                 -95.245844073074167
7.379799666110184                                 -95.359968922225150
7.382303839732888                                 -95.473918533186776
7.384808013355593                                 -95.587697706836451
7.387312186978297                                 -95.701311236478404
7.389816360601002                                 -95.814763908320799
7.392320534223706                                 -95.928060502031769
7.394824707846411                                 -96.041205791222822
7.397328881469115                                 -96.154204544096757
7.399833055091820                                 -96.267061523956414
7.402337228714524                                 -96.379781489901887
7.404841402337229                                 -96.492369197445186
7.407345575959933                                 -96.604829399165880
7.409849749582638                                 -96.717166845423193
7.412353923205342                                 -96.829386285062526
7.414858096828047                                 -96.941492466136964
7.417362270450751                                 -97.053490136686094
7.419866444073456                                 -97.165384045487315
7.422370617696160                                 -97.277178942863884
7.424874791318865                                 -97.388879581501271
7.427378964941569                                 -97.500490717273181
7.429883138564274                                 -97.612017110101945
7.432387312186978                                 -97.723463524825661
7.434891485809683                                 -97.834834732102223
7.437395659432387                                 -97.946135509317358
7.439899833055092                                 -98.057370641501507
7.442404006677797                                 -98.168544922308229
7.444908180300501                                 -98.279663154955088
7.447412353923205                                 -98.390730153250431
7.449916527545910                                 -98.501750742560091
7.452420701168615                                 -98.612729760885443
7.454924874791319                                 -98.723672059863716
7.457429048414023                                 -98.834582505905075
7.459933222036728                                 -98.945465981228878
7.462437395659433                                 -99.056327385012679
7.464941569282137                                 -99.167171634522816
7.467445742904841                                 -99.278003666272369
7.469949916527546                                 -99.388828437224703
7.472454090150251                                 -99.499650925991205
7.474958263772955                                 -99.610476134057677
7.477462437395659                                 -99.721309087066473
7.479966611018364                                 -99.832154836093864
7.482470784641069                                 -99.943018458959187
7.484974958263773                                -100.053905061587216
7.487479131886477                                -100.164819779359789
7.489983305509182                                -100.275767778533478
7.492487479131887                                -100.386754257665274
7.494991652754591                                -100.497784449082104
7.497495826377295                                -100.608863620371253
7.500000000000000                                -100.719997075935638
