13.900000000000000   -38.231536370202022
13.901001669449082   -37.663041265057643
13.902003338898163   -37.060146990361417
13.903005008347247   -36.418127595667826
13.904006677796328   -35.731215733178885
13.905008347245410   -34.992274897219360
13.906010016694490   -34.192333062980438
13.907011686143571   -33.319901880148471
13.908013355592654   -32.359953252764775
13.909015025041736   -31.292328281467864
13.910016694490817   -30.089166597053314
13.911018363939899   -28.710568247628959
13.912020033388981   -27.096923800782804
13.913021702838064   -25.154803330345068
13.914023372287145   -22.731399101723149
13.915025041736227   -19.586306338314998
13.916026711185308   -15.637843225214901
13.917028380634390   -13.723620274777970
13.918030050083473   -17.044782007981190
13.919031719532555   -20.672015282971618
13.920033388981636   -23.439616517890901
13.921035058430718   -25.583609658454879
13.922036727879799   -27.311633623027202
13.923038397328883   -28.750785996976028
13.924040066777964   -29.979804396561498
13.925041736227046   -31.049837480388454
13.926043405676127   -31.995685380203991
13.927045075125207   -32.841985541549029
13.928046744574290   -33.606772087811571
13.929048414023372   -34.303620199569870
13.930050083472453   -34.942993073992568
13.931051752921535   -35.533119592303329
13.932053422370617   -36.080584772896785
13.933055091819700   -36.590738233821881
13.934056761268781   -37.067983748992248
13.935058430717863   -37.515988981222456
13.936060100166944   -37.937840325090178
13.937061769616026   -38.336159187191399
13.938063439065109   -38.713190649659495
13.939065108514191   -39.070872011341365
13.940066777963272   -39.410886436611506
13.941068447412354   -39.734705425128922
13.942070116861435   -40.043622780852708
13.943071786310519   -40.338782040059449
13.944073455759600   -40.621198811365034
13.945075125208682   -40.891779118209897
13.946076794657763   -41.151334571365965
13.947078464106845   -41.400595006088459
13.948080133555928   -41.640219075266074
13.949081803005008   -41.870803182423806
13.950083472454089   -42.092889056978315
13.951085141903171   -42.306970211828641
13.952086811352252   -42.513497475307098
13.953088480801336   -42.712883752126949
13.954090150250417   -42.905508138661482
13.955091819699499   -43.091719494771951
13.956093489148580   -43.271839556010541
13.957095158597662   -43.446165655336387
13.958096828046745   -43.614973111649888
13.959098497495827   -43.778517332877840
13.960100166944908   -43.937035673560217
13.961101836393990   -44.090749080510051
13.962103505843071   -44.239863554890007
13.963105175292155   -44.384571454723627
13.964106844741236   -44.525052658268734
13.965108514190318   -44.661475605705611
13.966110183639399   -44.793998234074607
13.967111853088481   -44.922768818320051
13.968113522537564   -45.047926729514685
13.969115191986644   -45.169603119851331
13.970116861435725   -45.287921542716525
13.971118530884807   -45.402998515077513
13.972120200333888   -45.514944028496338
13.973121869782972   -45.623862014289543
13.974123539232053   -45.729850767672062
13.975125208681135   -45.833003335142273
13.976126878130216   -45.933407868852811
13.977128547579298   -46.031147951279024
13.978130217028381   -46.126302893112374
13.979131886477463   -46.218948006975211
13.980133555926544   -46.309154859266613
13.981135225375626   -46.396991502190808
13.982136894824707   -46.482522687801946
13.983138564273791   -46.565810065702749
13.984140233722872   -46.646912365862548
13.985141903171954   -46.725885567869568
13.986143572621035   -46.802783057796908
13.987145242070117   -46.877655773745872
13.988146911519200   -46.950552341022828
13.989148580968282   -47.021519197812722
13.990150250417361   -47.090600712131838
13.991151919866443   -47.157839290763583
13.992153589315524   -47.223275480819296
13.993155258764608   -47.286948064504386
13.994156928213689   -47.348894147617280
13.995158597662771   -47.409149242263098
13.996160267111852   -47.467747344216626
13.997161936560934   -47.524721005337128
13.998163606010017   -47.580101401395865
13.999165275459099   -47.633918395651413
14.000166944908180   -47.686200598477768
14.001168614357262   -47.736975423322356
14.002170283806343   -47.786269139250955
14.003171953255427   -47.834106920315278
14.004173622704508   -47.880512891956812
14.005175292153590   -47.925510174648302
14.006176961602671   -47.969120924951937
14.007178631051753   -48.011366374165206
14.008180300500836   -48.052266864708322
14.009181969949918   -48.091841884395961
14.010183639398999   -48.130110098726071
14.011185308848079   -48.167089381307342
14.012186978297160   -48.202796842537666
14.013188647746244   -48.237248856638772
14.014190317195325   -48.270461087142628
14.015191986644407   -48.302448510919817
14.016193656093488   -48.333225440831846
14.017195325542570   -48.362805547084818
14.018196994991653   -48.391201877355059
14.019198664440735   -48.418426875752786
14.020200333889816   -48.444492400685526
14.021202003338898   -48.469409741677055
14.022203672787979   -48.493189635195208
14.023205342237063   -48.515842279537154
14.024207011686144   -48.537377348817287
14.025208681135226   -48.557804006100184
14.026210350584307   -48.577130915716687
14.027212020033389   -48.595366254800147
14.028213689482472   -48.612517724075218
14.029215358931554   -48.628592557930745
14.030217028380635   -48.643597533804851
14.031218697829715   -48.657538980908519
14.032220367278796   -48.670422788311939
14.033222036727880   -48.682254412415574
14.034223706176961   -48.693038883826461
14.035225375626043   -48.702780813658322
14.036227045075124   -48.711484399272074
14.037228714524206   -48.719153429472172
14.038230383973289   -48.725791289172562
14.039232053422371   -48.731400963544218
14.040233722871452   -48.735985041655489
14.041235392320534   -48.739545719614156
14.042237061769615   -48.742084803219818
14.043238731218699   -48.743603710133172
14.044240400667780   -48.744103471567840
14.045242070116862   -48.743584733508939
14.046243739565943   -48.742047757461705
14.047245409015025   -48.739492420731892
14.048247078464108   -48.735918216238886
14.049248747913190   -48.731324251860634
14.050250417362271   -48.725709249309297
14.051252086811353   -48.719071542533989
14.052253756260432   -48.711409075647410
14.053255425709516   -48.702719400370214
14.054257095158597   -48.692999672987071
14.055258764607679   -48.682246650806078
14.056260434056760   -48.670456688113006
14.057262103505842   -48.657625731609016
14.058263772954925   -48.643749315320449
14.059265442404007   -48.628822554967151
14.060267111853088   -48.612840141774100
14.061268781302170   -48.595796335710169
14.062270450751251   -48.577684958135514
14.063272120200335   -48.558499383837727
14.064273789649416   -48.538232532435046
14.065275459098498   -48.516876859122434
14.066277128547579   -48.494424344735165
14.067278797996661   -48.470866485101666
14.068280467445744   -48.446194279654897
14.069282136894826   -48.420398219270325
14.070283806343907   -48.393468273293514
14.071285475792989   -48.365393875720464
14.072287145242068   -48.336163910488388
14.073288814691153   -48.305766695832340
14.074290484140233   -48.274189967660263
14.075292153589315   -48.241420861892991
14.076293823038396   -48.207445895715047
14.077295492487478   -48.172250947674669
14.078297161936561   -48.135821236568191
14.079298831385643   -48.098141299039305
14.080300500834724   -48.059194965816062
14.081302170283806   -48.018965336505694
14.082303839732887   -47.977434752857732
14.083305509181971   -47.934584770400733
14.084307178631052   -47.890396128350126
14.085308848080134   -47.844848717674665
14.086310517529215   -47.797921547202940
14.087312186978297   -47.749592707638456
14.088313856427380   -47.699839333342467
14.089315525876462   -47.648637561732329
14.090317195325543   -47.595962490128620
14.091318864774625   -47.541788129871534
14.092320534223706   -47.486087357511352
14.093322203672789   -47.428831862859028
14.094323873121869   -47.369992093667157
14.095325542570951   -47.309537196687131
14.096327212020032   -47.247434954829359
14.097328881469114   -47.183651720124914
14.098330550918197   -47.118152342161402
14.099332220367279   -47.050900091634048
14.100333889816360   -46.981856578618029
14.101335559265442   -46.910981665133249
14.102337228714523   -46.838233371526329
14.103338898163607   -46.763567776151909
14.104340567612688   -46.686938907780259
14.105342237061770   -46.608298630101089
14.106343906510851   -46.527596517629064
14.107345575959933   -46.444779722242387
14.108347245409016   -46.359792829504514
14.109348914858098   -46.272577703828958
14.110350584307179   -46.183073321438712
14.111352253756261   -46.091215589964889
14.112353923205342   -45.996937153386966
14.113355592654425   -45.900167180875229
14.114357262103507   -45.800831137929109
14.115358931552587   -45.698850538003057
14.116360601001668   -45.594142672608825
14.117362270450750   -45.486620317622922
14.118363939899833   -45.376191413248520
14.119365609348915   -45.262758714757354
14.120367278797996   -45.146219410758007
14.121368948247078   -45.026464705315171
14.122370617696159   -44.903379359740057
14.123372287145243   -44.776841189302360
14.124373956594324   -44.646720509448521
14.125375626043406   -44.512879525329787
14.126377295492487   -44.375171657548400
14.127378964941569   -44.233440795961265
14.128380634390652   -44.087520472143581
14.129382303839733   -43.937232939648169
14.130383973288815   -43.782388149459372
14.131385642737897   -43.622782605996164
14.132387312186978   -43.458198086559783
14.133388981636061   -43.288400204204464
14.134390651085143   -43.113136790494821
14.135392320534223   -42.932136070375293
14.136393989983304   -42.745104596260688
14.137395659432386   -42.551724902205393
14.138397328881469   -42.351652831390616
14.139398998330551   -42.144514480789333
14.140400667779632   -41.929902695279338
14.141402337228714   -41.707373029078369
14.142404006677795   -41.476439074355540
14.143405676126878   -41.236567034201570
14.144407345575960   -40.987169388408027
14.145409015025042   -40.727597463803647
14.146410684474123   -40.457132673728793
14.147412353923205   -40.174976129967504
14.148414023372288   -39.880236250366863
14.149415692821369   -39.571913879529731
14.150417362270451   -39.248884298720633
14.151419031719533   -38.909875310642754
14.152420701168614   -38.553440324684537
14.153422370617697   -38.177925008807101
14.154424040066779   -37.781425570508311
14.155425709515860   -37.361736012634623
14.156427378964940   -36.916280673430926
14.157429048414022   -36.442026834095827
14.158430717863105   -35.935369884740993
14.159432387312187   -35.391980019357597
14.160434056761268   -34.806593889352179
14.161435726210350   -34.172725678421628
14.162437395659431   -33.482257087876405
14.163439065108514   -32.724839803882013
14.164440734557596   -31.886997261220309
14.165442404006678   -30.950723987886157
14.166444073455759   -29.891203313855602
14.167445742904841   -28.672882939039276
14.168447412353924   -27.242256348474271
14.169449081803005   -25.513378194270121
14.170450751252087   -23.335200965200681
14.171452420701169   -20.404726658505531
14.172454090150250   -15.972333774989114
14.173455759599333    -7.691784126915213
14.174457429048415    -9.870904659100221
14.175459098497496   -17.163528023233440
14.176460767946578   -21.267447789393859
14.177462437395661   -24.086960331360309
14.178464106844741   -26.234722717455831
14.179465776293823   -27.971126031317660
14.180467445742904   -29.430054158498571
14.181469115191986   -30.689263097461065
14.182470784641067   -31.797869837314572
14.183472454090150   -32.788866240135917
14.184474123539232   -33.685476450179415
14.185475792988314   -34.504664285670216
14.186477462437395   -35.259196808174821
14.187479131886478   -35.958922719070287
14.188480801335560   -36.611598599696926
14.189482470784641   -37.223442163652351
14.190484140233723   -37.799514016176268
14.191485809682804   -38.343987971208421
14.192487479131886   -38.860346802732842
14.193489148580969   -39.351526817574381
14.194490818030051   -39.820026505608737
14.195492487479132   -40.267989469679307
14.196494156928214   -40.697268610298948
14.197495826377297   -41.109476429118743
14.198497495826377   -41.506024903900418
14.199499165275459   -41.888157425778914
14.200500834724540   -42.256974622170276
14.201502504173622   -42.613455418105616
14.202504173622703   -42.958474352035694
14.203505843071786   -43.292815917917608
14.204507512520868   -43.617186526007018
14.205509181969949   -43.932224541556494
14.206510851419031   -44.238508760485225
14.207512520868114   -44.536565605240540
14.208514190317196   -44.826875265935556
14.209515859766277   -45.109876966983009
14.210517529215359   -45.385973504518624
14.211519198664440   -45.655535172510966
14.212520868113522   -45.918903173780528
14.213522537562605   -46.176392594960582
14.214524207011687   -46.428295010613468
14.215525876460768   -46.674880770636527
14.216527545909850   -46.916401016069109
14.217529215358933   -47.153089461112465
14.218530884808015   -47.385163973152572
14.219532554257095   -47.612827977662207
14.220534223706176   -47.836271710760556
14.221535893155258   -48.055673338840030
14.222537562604339   -48.271199961832096
14.223539232053422   -48.483008514336845
14.224540901502504   -48.691246576834985
14.225542570951585   -48.896053107551609
14.226544240400667   -49.097559104094245
14.227545909849750   -49.295888202810048
14.228547579298832   -49.491157222759384
14.229549248747913   -49.683476660344425
14.230550918196995   -49.872951139861179
14.231552587646076   -50.059679824612786
14.232554257095158   -50.243756792649314
14.233555926544241   -50.425271380732930
14.234557595993323   -50.604308499690177
14.235559265442404   -50.780948923972822
14.236560934891486   -50.955269557907059
14.237562604340569   -51.127343680855397
14.238564273789651   -51.297241173258030
14.239565943238732   -51.465028725327073
14.240567612687812   -51.630770029954327
14.241569282136894   -51.794525961251558
14.242570951585975   -51.956354739990289
14.243572621035058   -52.116312087073368
14.244574290484140   -52.274451366066607
14.245575959933221   -52.430823715711348
14.246577629382303   -52.585478173253435
14.247579298831386   -52.738461789340512
14.248580968280468   -52.889819735169468
14.249582637729549   -53.039595402508965
14.250584307178631   -53.187830497149832
14.251585976627712   -53.334565126302273
14.252587646076794   -53.479837880400318
14.253589315525877   -53.623685909739827
14.254590984974959   -53.766144996336408
14.255592654424040   -53.907249621357593
14.256594323873122   -54.047033028449682
14.257595993322205   -54.185527283261472
14.258597662771287   -54.322763329427687
14.259599332220368   -54.458771041272946
14.260601001669448   -54.593579273451823
14.261602671118530   -54.727215907747521
14.262604340567611   -54.859707897214946
14.263606010016694   -54.991081307850969
14.264607679465776   -55.121361357955479
14.265609348914857   -55.250572455333696
14.266611018363939   -55.378738232484025
14.267612687813022   -55.505881579897569
14.268614357262104   -55.632024677589911
14.269616026711185   -55.757189024982537
14.270617696160267   -55.881395469226348
14.271619365609348   -56.004664232074461
14.272621035058432   -56.127014935384992
14.273622704507513   -56.248466625340669
14.274624373956595   -56.369037795462333
14.275626043405676   -56.488746408485795
14.276627712854758   -56.607609917170087
14.277629382303841   -56.725645284099087
14.278631051752923   -56.842869000535700
14.279632721202004   -56.959297104379345
14.280634390651086   -57.074945197282304
14.281636060100166   -57.189828460967469
14.282637729549249   -57.303961672794884
14.283639398998330   -57.417359220616063
14.284641068447412   -57.530035116957947
14.285642737896493   -57.642003012569702
14.286644407345575   -57.753276209367570
14.287646076794658   -57.863867672810009
14.288647746243740   -57.973790043733416
14.289649415692821   -58.083055649675202
14.290651085141903   -58.191676515711976
14.291652754590984   -58.299664374836944
14.292654424040068   -58.407030677900984
14.293656093489149   -58.513786603137056
14.294657762938231   -58.619943065292482
14.295659432387312   -58.725510724384840
14.296661101836394   -58.830499994102532
14.297662771285477   -58.934921049864670
14.298664440734559   -59.038783836561024
14.299666110183640   -59.142098075982695
14.300667779632722   -59.244873273961446
14.301669449081801   -59.347118727229955
14.302671118530887   -59.448843530016859
14.303672787979966   -59.550056580387775
14.304674457429048   -59.650766586346478
14.305676126878129   -59.750982071703817
14.306677796327211   -59.850711381727287
14.307679465776294   -59.949962688581635
14.308681135225376   -60.048743996566152
14.309682804674457   -60.147063147164069
14.310684474123539   -60.244927823905414
14.311686143572620   -60.342345557056007
14.312687813021704   -60.439323728139613
14.313689482470785   -60.535869574298211
14.314691151919867   -60.631990192500112
14.315692821368948   -60.727692543600526
14.316694490818030   -60.822983456261667
14.317696160267113   -60.917869630738963
14.318697829716195   -61.012357642535420
14.319699499165276   -61.106453945936522
14.320701168614358   -61.200164877422452
14.321702838063439   -61.293496658969403
14.322704507512523   -61.386455401239644
14.323706176961602   -61.479047106668396
14.324707846410684   -61.571277672449440
14.325709515859765   -61.663152893424289
14.326711185308847   -61.754678464879490
14.327712854757930   -61.845859985253419
14.328714524207012   -61.936702958758296
14.329716193656093   -62.027212797921820
14.330717863105175   -62.117394826046123
14.331719532554256   -62.207254279594281
14.332721202003340   -62.296796310501541
14.333722871452421   -62.386025988417551
14.334724540901503   -62.474948302880513
14.335726210350584   -62.563568165426204
14.336727879799666   -62.651890411635087
14.337729549248749   -62.739919803118667
14.338731218697831   -62.827661029446624
14.339732888146912   -62.915118710021680
14.340734557595994   -63.002297395896250
14.341736227045075   -63.089201571540549
14.342737896494159   -63.175835656559123
14.343739565943240   -63.262204007358974
14.344741235392320   -63.348310918772917
14.345742904841401   -63.434160625637844
14.346744574290483   -63.519757304327236
14.347746243739566   -63.605105074245863
14.348747913188648   -63.690207999280865
14.349749582637729   -63.775070089218104
14.350751252086811   -63.859695301116936
14.351752921535892   -63.944087540651878
14.352754590984976   -64.028250663418504
14.353756260434057   -64.112188476205333
14.354757929883139   -64.195904738234077
14.355759599332220   -64.279403162368837
14.356761268781302   -64.362687416293866
14.357762938230385   -64.445761123663090
14.358764607679467   -64.528627865221907
14.359766277128548   -64.611291179900107
14.360767946577630   -64.693754565880653
14.361769616026711   -64.776021481641365
14.362771285475795   -64.858095346973357
14.363772954924876   -64.939979543974459
14.364774624373956   -65.021677418021227
14.365776293823037   -65.103192278718197
14.366777963272119   -65.184527400825289
14.367779632721202   -65.265686025165877
14.368781302170284   -65.346671359513124
14.369782971619365   -65.427486579459156
14.370784641068447   -65.508134829263923
14.371786310517528   -65.588619222687242
14.372787979966612   -65.668942843802711
14.373789649415693   -65.749108747795034
14.374791318864775   -65.829119961742123
14.375792988313856   -65.908979485380087
14.376794657762938   -65.988690291853985
14.377796327212021   -66.068255328453759
14.378797996661103   -66.147677517336291
14.379799666110184   -66.226959756233839
14.380801335559266   -66.306104919149050
14.381803005008347   -66.385115857037420
14.382804674457430   -66.463995398478531
14.383806343906512   -66.542746350332820
14.384808013355594   -66.621371498391099
14.385809682804673   -66.699873608009113
14.386811352253755   -66.778255424734439
14.387813021702838   -66.856519674921429
14.388814691151920   -66.934669066336596
14.389816360601001   -67.012706288756348
14.390818030050083   -67.090634014553061
14.391819699499164   -67.168454899274735
14.392821368948248   -67.246171582213918
14.393823038397329   -67.323786686971360
14.394824707846411   -67.401302822009498
14.395826377295492   -67.478722581199762
14.396828046744574   -67.556048544362781
14.397829716193657   -67.633283277801752
14.398831385642739   -67.710429334827424
14.399833055091820   -67.787489256281518
14.400834724540902   -67.864465571048683
14.401836393989983   -67.941360796566556
14.402838063439066   -68.018177439328909
14.403839732888148   -68.094917995384407
14.404841402337230   -68.171584950829512
14.405843071786311   -68.248180782298093
14.406844741235391   -68.324707957445298
14.407846410684474   -68.401168935428814
14.408848080133556   -68.477566167384438
14.409849749582637   -68.553902096900202
14.410851419031719   -68.630179160485767
14.411853088480800   -68.706399788038240
14.412854757929884   -68.782566403306674
14.413856427378965   -68.858681424352397
14.414858096828047   -68.934747264008067
14.415859766277128   -69.010766330333198
14.416861435726210   -69.086741027069195
14.417863105175293   -69.162673754091657
14.418864774624375   -69.238566907860545
14.419866444073456   -69.314422881870954
14.420868113522538   -69.390244067101264
14.421869782971619   -69.466032852460302
14.422871452420702   -69.541791625234822
14.423873121869784   -69.617522771534851
14.424874791318866   -69.693228676741427
14.425876460767947   -69.768911725951611
14.426878130217027   -69.844574304425336
14.427879799666110   -69.920218798031641
14.428881469115192   -69.995847593696226
14.429883138564273   -70.071463079849636
14.430884808013355   -70.147067646875982
14.431886477462436   -70.222663687564037
14.432888146911520   -70.298253597558414
14.433889816360601   -70.373839775813266
14.434891485809683   -70.449424625047811
14.435893155258764   -70.525010552204378
14.436894824707846   -70.600599968907417
14.437896494156929   -70.676195291926859
14.438898163606011   -70.751798943643095
14.439899833055092   -70.827413352515222
14.440901502504174   -70.903040953553131
14.441903171953255   -70.978684188792499
14.442904841402338   -71.054345507773775
14.443906510851420   -71.130027368024983
14.444908180300501   -71.205732235549263
14.445909849749583   -71.281462585316589
14.446911519198665   -71.357220901760257
14.447913188647748   -71.433009679278413
14.448914858096828   -71.508831422740712
14.449916527545909   -71.584688648001134
14.450918196994991   -71.660583882416176
14.451919866444072   -71.736519665368903
14.452921535893156   -71.812498548800747
14.453923205342237   -71.888523097747139
14.454924874791319   -71.964595890884439
14.455926544240400   -72.040719521080348
14.456928213689482   -72.116896595953619
14.457929883138565   -72.193129738442451
14.458931552587647   -72.269421587378361
14.459933222036728   -72.345774798073009
14.460934891485810   -72.422192042909899
14.461936560934891   -72.498676011948106
14.462938230383974   -72.575229413534061
14.463939899833056   -72.651854974924504
14.464941569282137   -72.728555442919657
14.465943238731219   -72.805333584506798
14.466944908180301   -72.882192187515443
14.467946577629384   -72.959134061284971
14.468948247078465   -73.036162037342322
14.469949916527545   -73.113278970095081
14.470951585976627   -73.190487737535349
14.471953255425708   -73.267791241957923
14.472954924874792   -73.345192410692832
14.473956594323873   -73.422694196851978
14.474958263772955   -73.500299580090910
14.475959933222036   -73.578011567385829
14.476961602671118   -73.655833193827462
14.477963272120201   -73.733767523431467
14.478964941569282   -73.811817649964894
14.479966611018364   -73.889986697792779
14.480968280467446   -73.968277822741214
14.481969949916527   -74.046694212981166
14.482971619365610   -74.125239089930744
14.483973288814692   -74.203915709179469
14.484974958263773   -74.282727361432677
14.485976627712855   -74.361677373478514
14.486978297161937   -74.440769109177978
14.487979966611020   -74.520005970478579
14.488981636060101   -74.599391398451118
14.489983305509181   -74.678928874354227
14.490984974958263   -74.758621920723357
14.491986644407344   -74.838474102487197
14.492988313856427   -74.918489028113370
14.493989983305509   -74.998670350781083
14.494991652754591   -75.079021769586518
14.495993322203672   -75.159547030778057
14.496994991652754   -75.240249929024131
14.497996661101837   -75.321134308714306
14.498998330550918   -75.402204065296360
14.500000000000000   -75.483463146647807
