============================================================================================
ANSOFT                                                                              03/02/26
S Parameter Plot1                                                                   16:37:34

--------------------------------------------------------------------------------------------
       Freq [GHz]   dB(S(LumpPort_CAP2_south_end,LumpPort_CAP1_south_end)) []
                                                                             
4.000000000000000                                        -110.315638480016503
4.003006012024048                                        -110.245732121308748
4.006012024048096                                        -110.175628939565442
4.009018036072145                                        -110.105327661698965
4.012024048096192                                        -110.034827002153136
4.015030060120241                                        -109.964125662709989
4.018036072144288                                        -109.893222332350490
4.021042084168337                                        -109.822115687059053
4.024048096192384                                        -109.750804389656565
4.027054108216433                                        -109.679287089613538
4.030060120240481                                        -109.607562422878630
4.033066132264529                                        -109.535629011680257
4.036072144288577                                        -109.463485464351905
4.039078156312625                                        -109.391130375126281
4.042084168336673                                        -109.318562323945713
4.045090180360722                                        -109.245779876263427
4.048096192384770                                        -109.172781582845190
4.051102204408818                                        -109.099565979553034
4.054108216432866                                        -109.026131587153884
4.057114228456914                                        -108.952476911077056
4.060120240480962                                        -108.878600441236699
4.063126252505010                                        -108.804500651770439
4.066132264529058                                        -108.730176000849625
4.069138276553106                                        -108.655624930427436
4.072144288577154                                        -108.580845866022230
4.075150300601202                                        -108.505837216460407
4.078156312625250                                        -108.430597373662110
4.081162324649299                                        -108.355124712374135
4.084168336673346                                        -108.279417589934582
4.087174348697395                                        -108.203474346001570
4.090180360721443                                        -108.127293302318037
4.093186372745491                                        -108.050872762427304
4.096192384769539                                        -107.974211011415392
4.099198396793587                                        -107.897306315630871
4.102204408817635                                        -107.820156922414171
4.105210420841684                                        -107.742761059808089
4.108216432865731                                        -107.665116936273108
4.111222444889780                                        -107.587222740385158
4.114228456913827                                        -107.509076640551186
4.117234468937876                                        -107.430676784679008
4.120240480961924                                        -107.352021299896563
4.123246492985972                                        -107.273108292205563
4.126252505010020                                        -107.193935846180622
4.129258517034068                                        -107.114502024628592
4.132264529058117                                        -107.034804868249722
4.135270541082164                                        -106.954842395308859
4.138276553106213                                        -106.874612601270726
4.141282565130260                                        -106.794113458456806
4.144288577154309                                        -106.713342915675497
4.147294589178356                                        -106.632298897857311
4.150300601202405                                        -106.550979305670083
4.153306613226452                                        -106.469382015146977
4.156312625250501                                        -106.387504877281572
4.159318637274549                                        -106.305345717634054
4.162324649298597                                        -106.222902335926932
4.165330661322646                                        -106.140172505620441
4.168336673346693                                        -106.057153973496284
4.171342685370742                                        -105.973844459219094
4.174348697394790                                        -105.890241654897906
4.177354709418838                                        -105.806343224634887
4.180360721442886                                        -105.722146804062362
4.183366733466934                                        -105.637649999875947
4.186372745490982                                        -105.552850389355811
4.189378757515030                                        -105.467745519877312
4.192384769539078                                        -105.382332908411826
4.195390781563126                                        -105.296610041010410
4.198396793587174                                        -105.210574372298765
4.201402805611222                                        -105.124223324926064
4.204408817635271                                        -105.037554289039093
4.207414829659318                                        -104.950564621718669
4.210420841683367                                        -104.863251646419172
4.213426853707414                                        -104.775612652382804
4.216432865731463                                        -104.687644894057712
4.219438877755511                                        -104.599345590487260
4.222444889779559                                        -104.510711924697176
4.225450901803607                                        -104.421741043066220
4.228456913827655                                        -104.332430054679023
4.231462925851703                                        -104.242776030671763
4.234468937875752                                        -104.152776003554095
4.237474949899799                                        -104.062426966531547
4.240480961923848                                        -103.971725872788397
4.243486973947896                                        -103.880669634784809
4.246492985971944                                        -103.789255123506550
4.249498997995993                                        -103.697479167727209
4.252505010020040                                        -103.605338553229586
4.255511022044089                                        -103.512830022024716
4.258517034068136                                        -103.419950271547961
4.261523046092185                                        -103.326695953831447
4.264529058116232                                        -103.233063674669637
4.267535070140281                                        -103.139049992748937
4.270541082164328                                        -103.044651418777448
4.273547094188377                                        -102.949864414571579
4.276553106212424                                        -102.854685392139530
4.279559118236473                                        -102.759110712738845
4.282565130260521                                        -102.663136685895807
4.285571142284569                                        -102.566759568428395
4.288577154308618                                        -102.469975563421855
4.291583166332665                                        -102.372780819198425
4.294589178356714                                        -102.275171428242629
4.297595190380761                                        -102.177143426115705
4.300601202404810                                        -102.078692790341634
4.303607214428858                                        -101.979815439257138
4.306613226452906                                        -101.880507230834652
4.309619238476953                                        -101.780763961493648
4.312625250501002                                        -101.680581364856678
4.315631262525050                                        -101.579955110483382
4.318637274549098                                        -101.478880802589103
4.321643286573146                                        -101.377353978702615
4.324649298597195                                        -101.275370108310739
4.327655310621243                                        -101.172924591458212
4.330661322645290                                        -101.070012757315084
4.333667334669339                                        -100.966629862711216
4.336673346693387                                        -100.862771090616519
4.339679358717435                                        -100.758431548606566
4.342685370741482                                        -100.653606267258482
4.345691382765532                                        -100.548290198532229
4.348697394789579                                        -100.442478214089007
4.351703406813627                                        -100.336165103575638
4.354709418837675                                        -100.229345572852409
4.357715430861723                                        -100.122014242188669
4.360721442885771                                        -100.014165644393458
4.363727454909820                                         -99.905794222902173
4.366733466933868                                         -99.796894329812062
4.369739478957916                                         -99.687460223862999
4.372745490981965                                         -99.577486068352414
4.375751503006012                                         -99.466965929009504
4.378757515030060                                         -99.355893771791855
4.381763527054108                                         -99.244263460636475
4.384769539078157                                         -99.132068755129069
4.387775551102204                                         -99.019303308122844
4.390781563126252                                         -98.905960663277938
4.393787575150301                                         -98.792034252530883
4.396793587174349                                         -98.677517393500992
4.399799599198396                                         -98.562403286807012
4.402805611222445                                         -98.446685013307047
4.405811623246493                                         -98.330355531266378
4.408817635270541                                         -98.213407673432897
4.411823647294589                                         -98.095834144022803
4.414829659318637                                         -97.977627515619830
4.417835671342686                                         -97.858780225984120
4.420841683366733                                         -97.739284574749533
4.423847695390782                                         -97.619132720036802
4.426853707414829                                         -97.498316674949251
4.429859719438878                                         -97.376828303965212
4.432865731462926                                         -97.254659319212763
4.435871743486974                                         -97.131801276638356
4.438877755511021                                         -97.008245572033871
4.441883767535071                                         -96.883983436960136
4.444889779559118                                         -96.759005934519251
4.447895791583166                                         -96.633303955005246
4.450901803607214                                         -96.506868211400999
4.453907815631263                                         -96.379689234736361
4.456913827655311                                         -96.251757369291639
4.459919839679358                                         -96.123062767636497
4.462925851703408                                         -95.993595385506154
4.465931863727455                                         -95.863344976511740
4.468937875751503                                         -95.732301086654644
4.471943887775550                                         -95.600453048675462
4.474949899799599                                         -95.467789976189096
4.477955911823647                                         -95.334300757627858
4.480961923847695                                         -95.199974049970550
4.483967935871743                                         -95.064798272251195
4.486973947895792                                         -94.928761598841191
4.489979959919840                                         -94.791851952485359
4.492985971943888                                         -94.654056997097030
4.495991983967936                                         -94.515364130285988
4.498997995991984                                         -94.375760475615849
4.502004008016033                                         -94.235232874583744
4.505010020040080                                         -94.093767878292510
4.508016032064128                                         -93.951351738828293
4.511022044088176                                         -93.807970400294948
4.514028056112225                                         -93.663609489530572
4.517034068136272                                         -93.518254306455205
4.520040080160320                                         -93.371889814057042
4.523046092184369                                         -93.224500627988618
4.526052104208417                                         -93.076071005752951
4.529058116232465                                         -92.926584835476746
4.532064128256513                                         -92.776025624227998
4.535070140280562                                         -92.624376485870698
4.538076152304609                                         -92.471620128432562
4.541082164328657                                         -92.317738840963159
4.544088176352705                                         -92.162714479844368
4.547094188376754                                         -92.006528454548473
4.550100200400801                                         -91.849161712794370
4.553106212424850                                         -91.690594725088189
4.556112224448897                                         -91.530807468608643
4.559118236472946                                         -91.369779410397086
4.562124248496994                                         -91.207489489837457
4.565130260521042                                         -91.043916100365834
4.568136272545090                                         -90.879037070383305
4.571142284569139                                         -90.712829643320973
4.574148296593187                                         -90.545270456824085
4.577154308617234                                         -90.376335520991802
4.580160320641283                                         -90.206000195631773
4.583166332665331                                         -90.034239166472901
4.586172344689379                                         -89.861026420280893
4.589178356713426                                         -89.686335218801162
4.592184368737475                                         -89.510138071489280
4.595190380761523                                         -89.332406706926236
4.598196392785571                                         -89.153112042873659
4.601202404809619                                         -88.972224154869281
4.604208416833668                                         -88.789712243284129
4.607214428857715                                         -88.605544598747898
4.610220440881763                                         -88.419688565846684
4.613226452905812                                         -88.232110504985400
4.616232464929859                                         -88.042775752305076
4.619238476953908                                         -87.851648577528437
4.622244488977956                                         -87.658692139611460
4.625250501002004                                         -87.463868440059400
4.628256513026052                                         -87.267138273750234
4.631262525050101                                         -87.068461177116788
4.634268537074148                                         -86.867795373502958
4.637274549098196                                         -86.665097715515202
4.640280561122244                                         -86.460323624162015
4.643286573146293                                         -86.253427024566577
4.646292585170340                                         -86.044360278017308
4.649298597194388                                         -85.833074110099901
4.652304609218437                                         -85.619517534642711
4.655310621242485                                         -85.403637773164306
4.658316633266533                                         -85.185380169519007
4.661322645290581                                         -84.964688099367237
4.664328657314630                                         -84.741502874113891
4.667334669338677                                         -84.515763638879008
4.670340681362725                                         -84.287407264064910
4.673346693386773                                         -84.056368230023381
4.676352705410822                                         -83.822578504281779
4.679358717434869                                         -83.585967410754748
4.682364729458918                                         -83.346461490287496
4.685370741482966                                         -83.103984351843678
4.688376753507014                                         -82.858456513558394
4.691382765531062                                         -82.609795232819820
4.694388777555110                                         -82.357914324450391
4.697394789579159                                         -82.102723965974974
4.700400801603207                                         -81.844130488839568
4.703406813627255                                         -81.582036154357894
4.706412825651302                                         -81.316338913001559
4.709418837675350                                         -81.046932145532963
4.712424849699399                                         -80.773704384289374
4.715430861723447                                         -80.496539012759612
4.718436873747494                                         -80.215313941383755
4.721442885771544                                         -79.929901257259274
4.724448897795591                                         -79.640166845179735
4.727454909819639                                         -79.345969977135027
4.730460921843687                                         -79.047162867032739
4.733466933867735                                         -78.743590187035551
4.736472945891784                                         -78.435088541439157
4.739478957915831                                         -78.121485893508435
4.742484969939880                                         -77.802600940094237
4.745490981963928                                         -77.478242428179229
4.748496993987976                                         -77.148208406706246
4.751503006012024                                         -76.812285406132602
4.754509018036072                                         -76.470247537105138
4.757515030060120                                         -76.121855498418554
4.760521042084169                                         -75.766855482975060
4.763527054108216                                         -75.404977968793233
4.766533066132264                                         -75.035936380127012
4.769539078156313                                         -74.659425601433171
4.772545090180361                                         -74.275120324150677
4.775551102204409                                         -73.882673202985174
4.778557114228456                                         -73.481712794477460
4.781563126252506                                         -73.071841245929704
4.784569138276553                                         -72.652631697132179
4.787575150300601                                         -72.223625350498637
4.790581162324649                                         -71.784328156928950
4.793587174348698                                         -71.334207054589825
4.796593186372745                                         -70.872685685363535
4.799599198396793                                         -70.399139498371298
4.802605210420841                                         -69.912890130898305
4.805611222444890                                         -69.413198933198558
4.808617234468938                                         -68.899259473651071
4.811623246492986                                         -68.370188822673811
4.814629258517034                                         -67.825017365202200
4.817635270541082                                         -67.262676828903324
4.820641282565131                                         -66.681986133951014
4.823647294589178                                         -66.081634563469507
4.826653306613226                                         -65.460161612388845
4.829659318637275                                         -64.815932683137390
4.832665330661323                                         -64.147109540080777
4.835671342685370                                         -63.451614082644106
4.838677354709419                                         -62.727083507408601
4.841683366733467                                         -61.970814238042252
4.844689378757515                                         -61.179691009446266
4.847695390781563                                         -60.350096042024546
4.850701402805611                                         -59.477791079678269
4.853707414829660                                         -58.557761769821546
4.856713426853707                                         -57.584008716811766
4.859719438877756                                         -56.549261276072485
4.862725450901804                                         -55.444576465605479
4.865731462925852                                         -54.258761866862663
4.868737474949899                                         -52.977519336155126
4.871743486973948                                         -51.582127410822892
4.874749498997996                                         -50.047323426444194
4.877755511022044                                         -48.337712439531344
4.880761523046092                                         -46.401256285440752
4.883767535070140                                         -44.156398754360296
4.886773547094188                                         -41.463433426824722
4.889779559118237                                         -38.049028445039703
4.892785571142285                                         -33.244112931371575
4.895791583166332                                         -24.359130902576261
4.898797595190381                                         -18.638246419567878
4.901803607214429                                         -29.253176536231919
4.904809619238477                                         -33.082634293053417
4.907815631262524                                         -35.082584697589525
4.910821643286574                                         -36.132567254269190
4.913827655310621                                         -36.521811458394168
4.916833667334669                                         -36.338551541324790
4.919839679358717                                         -35.547527171885427
4.922845691382766                                         -33.961065325389519
4.925851703406813                                         -31.037054890527401
4.928857715430861                                         -24.681010418736204
4.931863727454910                                         -15.145007341806394
4.934869739478958                                         -30.253714389980225
4.937875751503006                                         -36.075768757419169
4.940881763527054                                         -39.903243403756768
4.943887775551102                                         -42.814208733340323
4.946893787575150                                         -45.189071692516819
4.949899799599199                                         -47.208065994559625
4.952905811623246                                         -48.971541743185796
4.955911823647295                                         -50.541476966755994
4.958917835671343                                         -51.959035093310519
4.961923847695391                                         -53.253066713418207
4.964929859719438                                         -54.444648292547825
4.967935871743486                                         -55.549691633236513
4.970941883767535                                         -56.580534385857334
4.973947895791583                                         -57.546956437529190
4.976953907815631                                         -58.456855318166980
4.979959919839680                                         -59.316710021651176
4.982965931863728                                         -60.131908582599245
4.985971943887775                                         -60.906985093840660
4.988977955911824                                         -61.645794852418078
4.991983967935872                                         -62.351646204548871
4.994989979959920                                         -63.027401435811626
4.997995991983967                                         -63.675555111026512
5.001002004008016                                         -64.298295706737036
5.004008016032064                                         -64.897554675874034
5.007014028056112                                         -65.475045927789708
5.010020040080160                                         -66.032297906991062
5.013026052104208                                         -66.570679891130382
5.016032064128257                                         -67.091423726680489
5.019038076152305                                         -67.595641929253759
5.022044088176353                                         -68.084342861487158
5.025050100200400                                         -68.558443542340427
5.028056112224450                                         -69.018780522089898
5.031062124248497                                         -69.466119166508207
5.034068136272545                                         -69.901161624103111
5.037074148296592                                         -70.324553696429930
5.040080160320642                                         -70.736890789467097
5.043086172344689                                         -71.138723091006554
5.046092184368737                                         -71.530560092831564
5.049098196392786                                         -71.912874555576010
5.052104208416834                                         -72.286105997389853
5.055110220440882                                         -72.650663774003334
5.058116232464929                                         -73.006929806752652
5.061122244488978                                         -73.355261006165293
5.064128256513026                                         -73.695991431291475
5.067134268537074                                         -74.029434218887332
5.070140280561122                                         -74.355883311483240
5.073146292585171                                         -74.675615009170315
5.076152304609218                                         -74.988889366404294
5.079158316633267                                         -75.295951452166946
5.082164328657314                                         -75.597032489327574
5.085170340681362                                         -75.892350886928597
5.088176352705411                                         -76.182113177331445
5.091182364729459                                         -76.466514868617679
5.094188376753507                                         -76.745741221337383
5.097194388777555                                         -77.019967957569037
5.100200400801604                                         -77.289361909290491
5.103206412825651                                         -77.554081612229467
5.106212424849699                                         -77.814277850628145
5.109218436873747                                         -78.070094157745743
5.112224448897796                                         -78.321667276363570
5.115230460921843                                         -78.569127583095394
5.118236472945892                                         -78.812599479870684
5.121242484969940                                         -79.052201755622079
5.124248496993988                                         -79.288047920856727
5.127254509018035                                         -79.520246517537743
5.130260521042084                                         -79.748901406436673
5.133266533066132                                         -79.974112033900042
5.136272545090180                                         -80.195973679790953
5.139278557114229                                         -80.414577688177985
5.142284569138277                                         -80.630011682200859
5.145290581162325                                         -80.842359764402829
5.148296593186373                                         -81.051702703702318
5.151302605210421                                         -81.258118110055278
5.154308617234468                                         -81.461680597781779
5.157314629258518                                         -81.662461938423107
5.160320641282565                                         -81.860531203935466
5.163326653306613                                         -82.055954900938787
5.166332665330661                                         -82.248797096695583
5.169338677354710                                         -82.439119537413632
5.172344689378757                                         -82.626981759439843
5.175350701402805                                         -82.812441193849011
5.178356713426854                                         -82.995553264895236
5.181362725450902                                         -83.176371482749332
5.184368737474950                                         -83.354947530929010
5.187374749498998                                         -83.531331348770351
5.190380761523047                                         -83.705571209285253
5.193386773547094                                         -83.877713792703886
5.196392785571142                                         -84.047804255996112
5.199398797595190                                         -84.215886298623005
5.202404809619238                                         -84.382002224772137
5.205410821643286                                         -84.546193002291801
5.208416833667335                                         -84.708498318541359
5.211422845691382                                         -84.868956633340829
5.214428857715431                                         -85.027605229205051
5.217434869739479                                         -85.184480259030195
5.220440881763527                                         -85.339616791378191
5.223446893787575                                         -85.493048853506423
5.226452905811622                                         -85.644809472290646
5.229458917835672                                         -85.794930713134761
5.232464929859719                                         -85.943443717015100
5.235470941883767                                         -86.090378735743229
5.238476953907816                                         -86.235765165570641
5.241482965931864                                         -86.379631579203263
5.244488977955911                                         -86.522005756339809
5.247494989979960                                         -86.662914712795228
5.250501002004008                                         -86.802384728304844
5.253507014028056                                         -86.940441373063550
5.256513026052104                                         -87.077109533084808
5.259519038076153                                         -87.212413434425429
5.262525050100201                                         -87.346376666351958
5.265531062124248                                         -87.479022203496555
5.268537074148297                                         -87.610372427048958
5.271543086172344                                         -87.740449145050434
5.274549098196393                                         -87.869273611817832
5.277555110220441                                         -87.996866546554827
5.280561122244489                                         -88.123248151181798
5.283567134268537                                         -88.248438127433758
5.286573146292586                                         -88.372455693247389
5.289579158316633                                         -88.495319598492387
5.292585170340681                                         -88.617048140054195
5.295591182364729                                         -88.737659176325366
5.298597194388778                                         -88.857170141112718
5.301603206412826                                         -88.975598056998066
5.304609218436873                                         -89.092959548178655
5.307615230460923                                         -89.209270852808359
5.310621242484970                                         -89.324547834858635
5.313627254509018                                         -89.438805995541458
5.316633266533066                                         -89.552060484275131
5.319639278557114                                         -89.664326109263413
5.322645290581162                                         -89.775617347658311
5.325651302605210                                         -89.885948355362956
5.328657314629258                                         -89.995332976461796
5.331663326653307                                         -90.103784752310304
5.334669338677354                                         -90.211316930300683
5.337675350701403                                         -90.317942472303287
5.340681362725451                                         -90.423674062810392
5.343687374749498                                         -90.528524116797854
5.346693386773548                                         -90.632504787292746
5.349699398797595                                         -90.735627972697856
5.352705410821643                                         -90.837905323844581
5.355711422845691                                         -90.939348250811236
5.358717434869740                                         -91.039967929504613
5.361723446893787                                         -91.139775308021967
5.364729458917835                                         -91.238781112792736
5.367735470941884                                         -91.336995854516431
5.370741482965932                                         -91.434429833903451
5.373747494989980                                         -91.531093147227111
5.376753507014029                                         -91.626995691686730
5.379759519038076                                         -91.722147170605766
5.382765531062124                                         -91.816557098449479
5.385771543086172                                         -91.910234805694046
5.388777555110220                                         -92.003189443525088
5.391783567134269                                         -92.095429988400042
5.394789579158316                                         -92.186965246456822
5.397795591182365                                         -92.277803857791241
5.400801603206413                                         -92.367954300590540
5.403807615230461                                         -92.457424895152499
5.406813627254509                                         -92.546223807769636
5.409819639278557                                         -92.634359054498560
5.412825651302605                                         -92.721838504812254
5.415831663326654                                         -92.808669885148902
5.418837675350701                                         -92.894860782340771
5.421843687374749                                         -92.980418646955755
5.424849699398798                                         -93.065350796527156
5.427855711422846                                         -93.149664418695124
5.430861723446894                                         -93.233366574252386
5.433867735470941                                         -93.316464200106253
5.436873747494990                                         -93.398964112141755
5.439879759519038                                         -93.480873008020779
5.442885771543086                                         -93.562197469886058
5.445891783567134                                         -93.642943966994054
5.448897795591183                                         -93.723118858271093
5.451903807615230                                         -93.802728394799786
5.454909819639278                                         -93.881778722232355
5.457915831663327                                         -93.960275883141563
5.460921843687374                                         -94.038225819301687
5.463927855711423                                         -94.115634373906971
5.466933867735471                                         -94.192507293731765
5.469939879759519                                         -94.268850231230559
5.472945891783567                                         -94.344668746583906
5.475951903807616                                         -94.419968309678552
5.478957915831663                                         -94.494754302047653
5.481963927855711                                         -94.569032018755067
5.484969939879760                                         -94.642806670222342
5.487975951903808                                         -94.716083384018077
5.490981963927855                                         -94.788867206592542
5.493987975951904                                         -94.861163104970615
5.496993987975952                                         -94.932975968399518
5.500000000000000                                         -95.004310609956178
