4.500000000000000                                   -65.989801563115350
4.501669449081803                                   -65.952847836926395
4.503338898163606                                   -65.915775934135112
4.505008347245409                                   -65.878584987094058
4.506677796327212                                   -65.841274118521739
4.508347245409015                                   -65.803842441359222
4.510016694490818                                   -65.766289058623698
4.511686143572621                                   -65.728613063260099
4.513355592654424                                   -65.690813537989087
4.515025041736227                                   -65.652889555152655
4.516694490818030                                   -65.614840176556783
4.518363939899833                                   -65.576664453310855
4.520033388981636                                   -65.538361425664220
4.521702838063439                                   -65.499930122839586
4.523372287145242                                   -65.461369562863098
4.525041736227045                                   -65.422678752391235
4.526711185308848                                   -65.383856686534344
4.528380634390651                                   -65.344902348676740
4.530050083472454                                   -65.305814710293106
4.531719532554257                                   -65.266592730761658
4.533388981636060                                   -65.227235357173299
4.535058430717863                                   -65.187741524137010
4.536727879799666                                   -65.148110153581754
4.538397328881469                                   -65.108340154553886
4.540066777963272                                   -65.068430423010838
4.541736227045075                                   -65.028379841610715
4.543405676126878                                   -64.988187279497410
4.545075125208681                                   -64.947851592081378
4.546744574290485                                   -64.907371620816349
4.548414023372287                                   -64.866746192970794
4.550083472454090                                   -64.825974121395390
4.551752921535893                                   -64.785054204285174
4.553422370617696                                   -64.743985224937134
4.555091819699499                                   -64.702765951502499
4.556761268781303                                   -64.661395136734143
4.558430717863104                                   -64.619871517728342
4.560100166944908                                   -64.578193815661422
4.561769616026711                                   -64.536360735520674
4.563439065108514                                   -64.494370965829603
4.565108514190317                                   -64.452223178367348
4.566777963272121                                   -64.409916027881991
4.568447412353922                                   -64.367448151797959
4.570116861435726                                   -64.324818169916711
4.571786310517529                                   -64.282024684111377
4.573455759599332                                   -64.239066278014448
4.575125208681135                                   -64.195941516698667
4.576794657762939                                   -64.152648946351079
4.578464106844740                                   -64.109187093939852
4.580133555926544                                   -64.065554466873408
4.581803005008347                                   -64.021749552652452
4.583472454090150                                   -63.977770818513932
4.585141903171953                                   -63.933616711066954
4.586811352253757                                   -63.889285655920709
4.588480801335558                                   -63.844776057303825
4.590150250417362                                   -63.800086297675051
4.591819699499165                                   -63.755214737325119
4.593489148580968                                   -63.710159713969389
4.595158597662771                                   -63.664919542331106
4.596828046744575                                   -63.619492513715045
4.598497495826377                                   -63.573876895571217
4.600166944908180                                   -63.528070931048255
4.601836393989983                                   -63.482072838536482
4.603505843071786                                   -63.435880811200121
4.605175292153589                                   -63.389493016498164
4.606844741235393                                   -63.342907595694342
4.608514190317195                                   -63.296122663354836
4.610183639398998                                   -63.249136306834117
4.611853088480801                                   -63.201946585748416
4.613522537562604                                   -63.154551531436340
4.615191986644407                                   -63.106949146406066
4.616861435726211                                   -63.059137403769498
4.618530884808013                                   -63.011114246661954
4.620200333889816                                   -62.962877587647682
4.621869782971619                                   -62.914425308110623
4.623539232053422                                   -62.865755257629907
4.625208681135225                                   -62.816865253339280
4.626878130217029                                   -62.767753079271039
4.628547579298831                                   -62.718416485682589
4.630217028380634                                   -62.668853188366150
4.631886477462437                                   -62.619060867940732
4.633555926544240                                   -62.569037169125721
4.635225375626043                                   -62.518779699995633
4.636894824707847                                   -62.468286031215541
4.638564273789649                                   -62.417553695256409
4.640233722871453                                   -62.366580185589449
4.641903171953255                                   -62.315362955859797
4.643572621035058                                   -62.263899419037465
4.645242070116861                                   -62.212186946545941
4.646911519198665                                   -62.160222867367310
4.648580968280467                                   -62.108004467123124
4.650250417362271                                   -62.055528987129961
4.651919866444073                                   -62.002793623429753
4.653589315525876                                   -61.949795525792808
4.655258764607679                                   -61.896531796693594
4.656928213689483                                   -61.842999490257931
4.658597662771285                                   -61.789195611180858
4.660267111853089                                   -61.735117113613605
4.661936560934891                                   -61.680760900019763
4.663606010016694                                   -61.626123819998348
4.665275459098497                                   -61.571202669073237
4.666944908180301                                   -61.515994187448193
4.668614357262103                                   -61.460495058725272
4.670283806343907                                   -61.404701908586262
4.671953255425710                                   -61.348611303435433
4.673622704507512                                   -61.292219749002285
4.675292153589315                                   -61.235523688902703
4.676961602671119                                   -61.178519503157645
4.678631051752921                                   -61.121203506666959
4.680300500834725                                   -61.063571947637271
4.681969949916528                                   -61.005621005962325
4.683639398998330                                   -60.947346791553805
4.685308848080133                                   -60.888745342620368
4.686978297161937                                   -60.829812623894377
4.688647746243739                                   -60.770544524802624
4.690317195325543                                   -60.710936857580187
4.691986644407346                                   -60.650985355324792
4.693656093489148                                   -60.590685669989590
4.695325542570951                                   -60.530033370311415
4.696994991652755                                   -60.469023939673328
4.698664440734557                                   -60.407652773897318
4.700333889816361                                   -60.345915178965505
4.702003338898164                                   -60.283806368666824
4.703672787979966                                   -60.221321462165982
4.705342237061769                                   -60.158455481491735
4.707011686143573                                   -60.095203348941446
4.708681135225375                                   -60.031559884398234
4.710350584307179                                   -59.967519802557192
4.712020033388982                                   -59.903077710057424
4.713689482470784                                   -59.838228102515302
4.715358931552587                                   -59.772965361455270
4.717028380634391                                   -59.707283751134092
4.718697829716193                                   -59.641177415253637
4.720367278797997                                   -59.574640373557401
4.722036727879800                                   -59.507666518306777
4.723706176961602                                   -59.440249610630573
4.725375626043405                                   -59.372383276743044
4.727045075125209                                   -59.304061004024931
4.728714524207011                                   -59.235276136960834
4.730383973288815                                   -59.166021872926777
4.732053422370618                                   -59.096291257821953
4.733722871452421                                   -59.026077181536508
4.735392320534223                                   -58.955372373248835
4.737061769616027                                   -58.884169396544323
4.738731218697830                                   -58.812460644347325
4.740400667779633                                   -58.740238333657828
4.742070116861436                                   -58.667494500083237
4.743739565943240                                   -58.594220992156821
4.745409015025041                                   -58.520409465431207
4.747078464106845                                   -58.446051376337131
4.748747913188648                                   -58.371137975796245
4.750417362270451                                   -58.295660302575449
4.752086811352254                                   -58.219609176370177
4.753756260434058                                   -58.142975190604247
4.755425709515859                                   -58.065748704930648
4.757095158597663                                   -57.987919837419419
4.758764607679466                                   -57.909478456416544
4.760434056761269                                   -57.830414172056940
4.762103505843072                                   -57.750716327413286
4.763772954924876                                   -57.670373989263375
4.765442404006678                                   -57.589375938454062
4.767111853088481                                   -57.507710659841685
4.768781302170284                                   -57.425366331786513
4.770450751252087                                   -57.342330815176545
4.772120200333890                                   -57.258591641955540
4.773789649415694                                   -57.174136003128396
4.775459098497496                                   -57.088950736214734
4.777128547579299                                   -57.003022312119370
4.778797996661102                                   -56.916336821388718
4.780467445742905                                   -56.828879959815879
4.782136894824708                                   -56.740637013358743
4.783806343906511                                   -56.651592842331048
4.785475792988314                                   -56.561731864823550
4.787145242070117                                   -56.471038039309668
4.788814691151920                                   -56.379494846388411
4.790484140233723                                   -56.287085269610600
4.792153589315526                                   -56.193791775334304
4.793823038397329                                   -56.099596291549247
4.795492487479132                                   -56.004480185606255
4.797161936560935                                   -55.908424240782509
4.798831385642738                                   -55.811408631610668
4.800500834724541                                   -55.713412897890009
4.802170283806344                                   -55.614415917296682
4.803839732888147                                   -55.514395876500146
4.805509181969950                                   -55.413330240687266
4.807178631051753                                   -55.311195721387271
4.808848080133556                                   -55.207968242483545
4.810517529215359                                   -55.103622904287086
4.812186978297162                                   -54.998133945537589
4.813856427378965                                   -54.891474703188578
4.815525876460768                                   -54.783617569817203
4.817195325542571                                   -54.674533948490279
4.818864774624374                                   -54.564194204901298
4.820534223706177                                   -54.452567616578172
4.822203672787980                                   -54.339622318943093
4.823873121869783                                   -54.225325247989396
4.825542570951586                                   -54.109642079315215
4.827212020033389                                   -53.992537163234005
4.828881469115192                                   -53.873973455654919
4.830550918196995                                   -53.753912444397464
4.832220367278798                                   -53.632314070572711
4.833889816360601                                   -53.509136644632143
4.835559265442404                                   -53.384336756640558
4.837228714524207                                   -53.257869180292133
4.838898163606010                                   -53.129686770137781
4.840567612687813                                   -52.999740351439144
4.842237061769616                                   -52.867978602005330
4.843906510851419                                   -52.734347925302202
4.845575959933222                                   -52.598792314048637
4.847245409015025                                   -52.461253203430203
4.848914858096829                                   -52.321669312969583
4.850584307178631                                   -52.179976475982102
4.852253756260434                                   -52.036107455430624
4.853923205342237                                   -51.889991744856125
4.855592654424040                                   -51.741555352908584
4.857262103505843                                   -51.590720569828974
4.858931552587647                                   -51.437405714039784
4.860601001669449                                   -51.281524856771874
4.862270450751252                                   -51.122987522405552
4.863939899833055                                   -50.961698361909178
4.865609348914858                                   -50.797556796423052
4.867278797996661                                   -50.630456627652066
4.868948247078465                                   -50.460285611290210
4.870617696160267                                   -50.286924989182047
4.872287145242070                                   -50.110248975339928
4.873956594323873                                   -49.930124190244740
4.875626043405676                                   -49.746409037056196
4.877295492487479                                   -49.558953012425071
4.878964941569283                                   -49.367595943503972
4.880634390651085                                   -49.172167141463923
4.882303839732888                                   -48.972484460306951
4.883973288814691                                   -48.768353247970893
4.885642737896494                                   -48.559565174585579
4.887312186978297                                   -48.345896920201142
4.888981636060101                                   -48.127108701267332
4.890651085141902                                   -47.902942611485308
4.892320534223706                                   -47.673120748244358
4.893989983305509                                   -47.437343090511739
4.895659432387312                                   -47.195285087523899
4.897328881469115                                   -46.946594909661989
4.898998330550919                                   -46.690890303077666
4.900667779632721                                   -46.427754977495354
4.902337228714524                                   -46.156734441499083
4.904006677796327                                   -45.877331180690121
4.905676126878130                                   -45.588999050223116
4.907345575959933                                   -45.291136722940593
4.909015025041737                                   -44.983079995572666
4.910684474123539                                   -44.664092705519522
4.912353923205342                                   -44.333355945814787
4.914023372287145                                   -43.989955180719193
4.915692821368948                                   -43.632864751646480
4.917362270450751                                   -43.260929112284828
4.919031719532555                                   -42.872839927737061
4.920701168614357                                   -42.467107893151493
4.922370617696160                                   -42.042027739901414
4.924040066777963                                   -41.595634352434573
4.925709515859766                                   -41.125647140549631
4.927378964941569                                   -40.629398681179893
4.929048414023373                                   -40.103741970601476
4.930717863105175                                   -39.544928100699764
4.932387312186978                                   -38.948442267554462
4.934056761268781                                   -38.308779829522102
4.935726210350584                                   -37.619134030962186
4.937395659432387                                   -36.870949979419734
4.939065108514191                                   -36.053269659953052
4.940734557595993                                   -35.151738283929440
4.942404006677797                                   -34.147037431732883
4.944073455759599                                   -33.012296021851775
4.945742904841402                                   -31.708557700566971
4.947412353923205                                   -30.176241037495352
4.949081803005009                                   -28.317415618392801
4.950751252086811                                   -25.953735956333229
4.952420701168615                                   -22.704342809513953
4.954090150250417                                   -17.484256809081227
4.955759599332220                                    -3.994345792864116
4.957429048414023                                   -14.072617326995864
4.959098497495827                                   -20.963748764462270
4.960767946577629                                   -24.773155740455405
4.962437395659433                                   -27.412478914260202
4.964106844741235                                   -29.432598002888458
4.965776293823038                                   -31.068912202540901
4.967445742904841                                   -32.443872117572184
4.969115191986645                                   -33.629337309853085
4.970784641068447                                   -34.671091290778818
4.972454090150251                                   -35.600103755757793
4.974123539232054                                   -36.438302345627861
4.975792988313856                                   -37.201781813452619
4.977462437395659                                   -37.902705013109106
4.979131886477463                                   -38.550487571268526
4.980801335559265                                   -39.152567525683239
4.982470784641069                                   -39.714923025314725
4.984140233722872                                   -40.242430995991974
4.985809682804674                                   -40.739122013925908
4.987479131886477                                   -41.208365463836067
4.989148580968281                                   -41.653006681109417
4.990818030050083                                   -42.075470285224775
4.992487479131887                                   -42.477839237243835
4.994156928213690                                   -42.861916158707849
4.995826377295492                                   -43.229271483427553
4.997495826377295                                   -43.581281695642730
4.999165275459099                                   -43.919160007147831
5.000834724540901                                   -44.243981199379292
5.002504173622705                                   -44.556701913595667
5.004173622704508                                   -44.858177354711692
5.005843071786310                                   -45.149175143542891
5.007512520868113                                   -45.430386882374350
5.009181969949917                                   -45.702437872374645
5.010851419031719                                   -45.965895326296611
5.012520868113523                                   -46.221275347681008
5.014190317195326                                   -46.469048892402242
5.015859766277128                                   -46.709646885589237
5.017529215358931                                   -46.943464633566315
5.019198664440735                                   -47.170865644246447
5.020868113522537                                   -47.392184948672394
5.022537562604341                                   -47.607731999886525
5.024207011686144                                   -47.817793212069688
5.025876460767946                                   -48.022634192222860
5.027545909849749                                   -48.222501708013645
5.029215358931553                                   -48.417625428349638
5.030884808013355                                   -48.608219467471201
5.032554257095159                                   -48.794483758588029
5.034223706176962                                   -48.976605279154938
5.035893155258765                                   -49.154759146608797
5.037562604340567                                   -49.329109600661980
5.039232053422371                                   -49.499810885957245
5.040901502504173                                   -49.667008046976171
5.042570951585977                                   -49.830837645461415
5.044240400667780                                   -49.991428409244932
5.045909849749583                                   -50.148901820203733
5.047579298831385                                   -50.303372648072440
5.049248747913189                                   -50.454949435984311
5.050918196994991                                   -50.603734942889517
5.052587646076795                                   -50.749826547363320
5.054257095158598                                   -50.893316616779984
5.055926544240401                                   -51.034292845357179
5.057595993322203                                   -51.172838564167094
5.059265442404007                                   -51.309033025860067
5.060934891485809                                   -51.442951666535151
5.062604340567613                                   -51.574666346925383
5.064273789649416                                   -51.704245574825507
5.065943238731219                                   -51.831754710488809
5.067612687813022                                   -51.957256156532893
5.069282136894825                                   -52.080809533735277
5.070951585976627                                   -52.202471843958811
5.072621035058431                                   -52.322297621322335
5.074290484140234                                   -52.440339072617661
5.075959933222037                                   -52.556646207880469
5.077629382303840                                   -52.671266961929959
5.079298831385643                                   -52.784247307617768
5.080968280467445                                   -52.895631361455784
5.082637729549249                                   -53.005461482230245
5.084307178631052                                   -53.113778363151773
5.085976627712855                                   -53.220621118046182
5.087646076794658                                   -53.326027362040676
5.089315525876461                                   -53.430033287162331
5.090984974958263                                   -53.532673733228833
5.092654424040067                                   -53.633982254380214
5.094323873121870                                   -53.733991181567433
5.095993322203673                                   -53.832731681290369
5.097662771285476                                   -53.930233810852208
5.099332220367279                                   -54.026526570374074
5.101001669449081                                   -54.121637951796934
5.102671118530885                                   -54.215594985076237
5.104340567612688                                   -54.308423781760681
5.106010016694491                                   -54.400149576131270
5.107679465776294                                   -54.490796764062495
5.109348914858098                                   -54.580388939754428
5.111018363939899                                   -54.668948930475743
5.112687813021703                                   -54.756498829444695
5.114357262103506                                   -54.843060026966263
5.116026711185309                                   -54.928653239935798
5.117696160267112                                   -55.013298539811018
5.119365609348915                                   -55.097015379146079
5.121035058430717                                   -55.179822616776434
5.122704507512521                                   -55.261738541735347
5.124373956594324                                   -55.342780895977867
5.126043405676127                                   -55.422966895983791
5.127712854757930                                   -55.502313253304237
5.129382303839733                                   -55.580836194113623
5.131051752921535                                   -55.658551477824794
5.132721202003339                                   -55.735474414819976
5.134390651085142                                   -55.811619883347575
5.136060100166945                                   -55.887002345631693
5.137729549248748                                   -55.961635863238101
5.139398998330551                                   -56.035534111737000
5.141068447412353                                   -56.108710394701120
5.142737896494157                                   -56.181177657075210
5.144407345575960                                   -56.252948497949802
5.146076794657763                                   -56.324035182771880
5.147746243739566                                   -56.394449655020871
5.149415692821369                                   -56.464203547378411
5.151085141903171                                   -56.533308192417913
5.152754590984975                                   -56.601774632838953
5.154424040066778                                   -56.669613631268078
5.156093489148581                                   -56.736835679649715
5.157762938230384                                   -56.803451008246469
5.159432387312187                                   -56.869469594268466
5.161101836393990                                   -56.934901170149615
5.162771285475793                                   -56.999755231488805
5.164440734557596                                   -57.064041044671200
5.166110183639399                                   -57.127767654185469
5.167779632721202                                   -57.190943889651635
5.169449081803005                                   -57.253578372572413
5.171118530884808                                   -57.315679522822037
5.172787979966611                                   -57.377255564883576
5.174457429048414                                   -57.438314533847205
5.176126878130217                                   -57.498864281179920
5.177796327212020                                   -57.558912480277698
5.179465776293823                                   -57.618466631808374
5.181135225375626                                   -57.677534068856609
5.182804674457429                                   -57.736121961878233
5.184474123539232                                   -57.794237323472970
5.186143572621035                                   -57.851887012983127
5.187813021702838                                   -57.909077740926534
5.189482470784641                                   -57.965816073269693
5.191151919866444                                   -58.022108435549299
5.192821368948247                                   -58.077961116847476
5.194490818030050                                   -58.133380273627395
5.196160267111853                                   -58.188371933435320
5.197829716193656                                   -58.242941998474080
5.199499165275459                                   -58.297096249053659
5.201168614357262                                   -58.350840346923896
5.202838063439065                                   -58.404179838494137
5.204507512520868                                   -58.457120157944217
5.206176961602671                                   -58.509666630231045
5.207846410684474                                   -58.561824473995785
5.209515859766277                                   -58.613598804374334
5.211185308848080                                   -58.664994635715757
5.212854757929883                                   -58.716016884212280
5.214524207011686                                   -58.766670370443606
5.216193656093489                                   -58.816959821839774
5.217863105175292                                   -58.866889875064963
5.219532554257095                                   -58.916465078325515
5.221202003338898                                   -58.965689893605138
5.222871452420701                                   -59.014568698830132
5.224540901502504                                   -59.063105789966571
5.226210350584306                                   -59.111305383053008
5.227879799666110                                   -59.159171616170319
5.229549248747913                                   -59.206708551351220
5.231218697829716                                   -59.253920176431620
5.232888146911519                                   -59.300810406846281
5.234557595993322                                   -59.347383087370005
5.236227045075124                                   -59.393641993807293
5.237896494156928                                   -59.439590834631417
5.239565943238731                                   -59.485233252575192
5.241235392320534                                   -59.530572826175217
5.242904841402337                                   -59.575613071270865
5.244574290484141                                   -59.620357442459671
5.246243739565942                                   -59.664809334511006
5.247913188647746                                   -59.708972083739141
5.249582637729549                                   -59.752848969336874
5.251252086811352                                   -59.796443214671569
5.252921535893155                                   -59.839757988544733
5.254590984974959                                   -59.882796406416091
5.256260434056760                                   -59.925561531593409
5.257929883138564                                   -59.968056376389811
5.259599332220367                                   -60.010283903248485
5.261268781302170                                   -60.052247025837282
5.262938230383973                                   -60.093948610112832
5.264607679465777                                   -60.135391475356109
5.266277128547578                                   -60.176578395180044
5.267946577629382                                   -60.217512098510078
5.269616026711185                                   -60.258195270538295
5.271285475792988                                   -60.298630553652643
5.272954924874791                                   -60.338820548341346
5.274624373956595                                   -60.378767814073591
5.276293823038396                                   -60.418474870157119
5.277963272120200                                   -60.457944196573749
5.279632721202003                                   -60.497178234793111
5.281302170283806                                   -60.536179388565344
5.282971619365609                                   -60.574950024693891
5.284641068447413                                   -60.613492473788064
5.286310517529214                                   -60.651809030997043
5.287979966611018                                   -60.689901956725045
5.289649415692821                                   -60.727773477328654
5.291318864774624                                   -60.765425785796722
5.292988313856427                                   -60.802861042413596
5.294657762938231                                   -60.840081375405497
5.296327212020033                                   -60.877088881571346
5.297996661101836                                   -60.913885626898207
5.299666110183639                                   -60.950473647161452
5.301335559265442                                   -60.986854948510583
5.303005008347245                                   -61.023031508040916
5.304674457429049                                   -61.059005274351385
5.306343906510851                                   -61.094778168089263
5.308013355592654                                   -61.130352082481785
5.309682804674457                                   -61.165728883855110
5.311352253756260                                   -61.200910412141255
5.313021702838063                                   -61.235898481373106
5.314691151919867                                   -61.270694880167618
5.316360601001669                                   -61.305301372198159
5.318030050083472                                   -61.339719696655884
5.319699499165275                                   -61.373951568700107
5.321368948247078                                   -61.407998679898824
5.323038397328881                                   -61.441862698658966
5.324707846410685                                   -61.475545270646961
5.326377295492487                                   -61.509048019199646
5.328046744574290                                   -61.542372545726217
5.329716193656093                                   -61.575520430100823
5.331385642737896                                   -61.608493231046737
5.333055091819699                                   -61.641292486511865
5.334724540901503                                   -61.673919714035783
5.336393989983305                                   -61.706376411109090
5.338063439065109                                   -61.738664055524588
5.339732888146911                                   -61.770784105720793
5.341402337228714                                   -61.802738001118165
5.343071786310517                                   -61.834527162448055
5.344741235392321                                   -61.866152992074433
5.346410684474123                                   -61.897616874308703
5.348080133555927                                   -61.928920175718076
5.349749582637729                                   -61.960064245427091
5.351419031719532                                   -61.991050415412815
5.353088480801335                                   -62.021880000794042
5.354757929883139                                   -62.052554300114068
5.356427378964941                                   -62.083074595617930
5.358096828046745                                   -62.113442153523565
5.359766277128547                                   -62.143658224287499
5.361435726210350                                   -62.173724042865040
5.363105175292153                                   -62.203640828965234
5.364774624373957                                   -62.233409787300275
5.366444073455759                                   -62.263032107830156
5.368113522537563                                   -62.292508966002309
5.369782971619366                                   -62.321841522986212
5.371452420701168                                   -62.351030925903387
5.373121869782971                                   -62.380078308052937
5.374791318864775                                   -62.408984789132219
5.376460767946577                                   -62.437751475453503
5.378130217028381                                   -62.466379460156141
5.379799666110184                                   -62.494869823414454
5.381469115191986                                   -62.523223632641844
5.383138564273789                                   -62.551441942690573
5.384808013355593                                   -62.579525796047847
5.386477462437395                                   -62.607476223028002
5.388146911519199                                   -62.635294241961113
5.389816360601002                                   -62.662980859377697
5.391485809682805                                   -62.690537070190103
5.393155258764607                                   -62.717963857870309
5.394824707846411                                   -62.745262194624559
5.396494156928214                                   -62.772433041564213
5.398163606010017                                   -62.799477348873786
5.399833055091820                                   -62.826396055975778
5.401502504173623                                   -62.853190091692198
5.403171953255425                                   -62.879860374403137
5.404841402337229                                   -62.906407812202623
5.406510851419032                                   -62.932833303051190
5.408180300500835                                   -62.959137734925939
5.409849749582638                                   -62.985321985967744
5.411519198664442                                   -63.011386924625597
5.413188647746243                                   -63.037333409798613
5.414858096828047                                   -63.063162290975193
5.416527545909850                                   -63.088874408369719
5.418196994991653                                   -63.114470593056836
5.419866444073456                                   -63.139951667103382
5.421535893155260                                   -63.165318443697657
5.423205342237061                                   -63.190571727276684
5.424874791318865                                   -63.215712313651068
5.426544240400668                                   -63.240740990127684
5.428213689482471                                   -63.265658535630038
5.429883138564274                                   -63.290465720816769
5.431552587646078                                   -63.315163308197818
5.433222036727879                                   -63.339752052248734
5.434891485809683                                   -63.364232699522859
5.436560934891486                                   -63.388605988761654
5.438230383973289                                   -63.412872651003049
5.439899833055092                                   -63.437033409688013
5.441569282136896                                   -63.461088980765076
5.443238731218697                                   -63.485040072793339
5.444908180300501                                   -63.508887387043529
5.446577629382304                                   -63.532631617597445
5.448247078464107                                   -63.556273451445492
5.449916527545910                                   -63.579813568582949
5.451585976627713                                   -63.603252642104238
5.453255425709515                                   -63.626591338295775
5.454924874791319                                   -63.649830316727346
5.456594323873122                                   -63.672970230341726
5.458263772954925                                   -63.696011725543073
5.459933222036728                                   -63.718955442283622
5.461602671118531                                   -63.741802014149087
5.463272120200334                                   -63.764552068442569
5.464941569282137                                   -63.787206226267287
5.466611018363940                                   -63.809765102607543
5.468280467445743                                   -63.832229306408834
5.469949916527546                                   -63.854599440656358
5.471619365609349                                   -63.876876102452336
5.473288814691152                                   -63.899059883092079
5.474958263772955                                   -63.921151368138858
5.476627712854758                                   -63.943151137497537
5.478297161936561                                   -63.965059765486998
5.479966611018364                                   -63.986877820911559
5.481636060100167                                   -64.008605867130953
5.483305509181970                                   -64.030244462129602
5.484974958263773                                   -64.051794158584471
5.486644407345576                                   -64.073255503931932
5.488313856427379                                   -64.094629040433645
5.489983305509182                                   -64.115915305241501
5.491652754590985                                   -64.137114830461215
5.493322203672788                                   -64.158228143215212
5.494991652754591                                   -64.179255765704525
5.496661101836394                                   -64.200198215269666
5.498330550918197                                   -64.221056004450446
5.500000000000000                                   -64.241829641045129
