6.000000000000000                                -156.458285425085592
6.002504173622705                                -163.430198512688946
6.005008347245409                                -150.846340209029108
6.007512520868113                                -145.880033382269062
6.010016694490818                                -142.718597770438720
6.012520868113523                                -140.389166391042551
6.015025041736227                                -138.540623351073123
6.017529215358931                                -137.005821748890241
6.020033388981636                                -135.691979445250752
6.022537562604341                                -134.542210748655407
6.025041736227045                                -133.519106881531656
6.027545909849749                                -132.596748361852718
6.030050083472454                                -131.756433941522317
6.032554257095159                                -130.984226525539526
6.035058430717863                                -130.269460807970859
6.037562604340567                                -129.603793055451717
6.040066777963272                                -128.980572621616773
6.042570951585977                                -128.394412721959412
6.045075125208681                                -127.840889158380762
6.047579298831385                                -127.316323788032349
6.050083472454090                                -126.817625648831125
6.052587646076795                                -126.342172246460819
6.055091819699499                                -125.887719404143766
6.057595993322203                                -125.452331805654154
6.060100166944908                                -125.034328780945941
6.062604340567613                                -124.632241488512321
6.065108514190317                                -124.244778735198338
6.067612687813022                                -123.870799423382238
6.070116861435726                                -123.509290140920626
6.072621035058431                                -123.159346783300649
6.075125208681135                                -122.820159367534785
6.077629382303840                                -122.490999394892185
6.080133555926544                                -122.171209265725878
6.082637729549249                                -121.860193359076234
6.085141903171953                                -121.557410472407781
6.087646076794658                                -121.262367379959443
6.090150250417362                                -120.974613316799491
6.092654424040067                                -120.693735233386661
6.095158597662771                                -120.419353694989923
6.097662771285476                                -120.151119323582307
6.100166944908180                                -119.888709698307281
6.102671118530885                                -119.631826645365024
6.105175292153589                                -119.380193860052884
6.107679465776294                                -119.133554813266031
6.110183639398998                                -118.891670902578312
6.112687813021703                                -118.654319814395834
6.115191986644407                                -118.421294068904629
6.117696160267112                                -118.192399723871716
6.120200333889816                                -117.967455216927974
6.122704507512521                                -117.746290328939239
6.125208681135225                                -117.528745253598032
6.127712854757930                                -117.314669760410339
6.130217028380634                                -117.103922440066157
6.132721202003339                                -116.896370022644049
6.135225375626043                                -116.691886760364952
6.137729549248748                                -116.490353867711462
6.140233722871453                                -116.291659012612584
6.142737896494157                                -116.095695853219624
6.145242070116861                                -115.902363615448166
6.147746243739566                                -115.711566707051645
6.150250417362271                                -115.523214364505520
6.152754590984975                                -115.337220329406009
6.155258764607679                                -115.153502551471234
6.157762938230384                                -114.971982915559906
6.160267111853089                                -114.792586990414833
6.162771285475793                                -114.615243797088340
6.165275459098497                                -114.439885595226116
6.167779632721202                                -114.266447685578143
6.170283806343907                                -114.094868227285019
6.172787979966611                                -113.925088068624575
6.175292153589315                                -113.757050590053325
6.177796327212020                                -113.590701558477690
6.180300500834725                                -113.425988991805312
6.182804674457429                                -113.262863032922056
6.185308848080133                                -113.101275832311330
6.187813021702838                                -112.941181438616226
6.190317195325543                                -112.782535696505008
6.192821368948247                                -112.625296151265104
6.195325542570951                                -112.469421959597980
6.197829716193656                                -112.314873806131047
6.200333889816361                                -112.161613825223412
6.202838063439065                                -112.009605527655395
6.205342237061769                                -111.858813731843384
6.207846410684474                                -111.709204499251030
6.210350584307179                                -111.560745073686064
6.212854757929883                                -111.413403824210278
6.215358931552587                                -111.267150191402010
6.217863105175292                                -111.121954636741521
6.220367278797997                                -110.977788594897433
6.222871452420701                                -110.834624428718513
6.225375626043405                                -110.692435386752180
6.227879799666110                                -110.551195563110895
6.230383973288815                                -110.410879859539989
6.232888146911519                                -110.271463949537022
6.235392320534223                                -110.132924244395767
6.237896494156928                                -109.995237861041375
6.240400667779633                                -109.858382591557685
6.242904841402337                                -109.722336874283883
6.245409015025041                                -109.587079766398503
6.247913188647746                                -109.452590917886369
6.250417362270451                                -109.318850546813323
6.252921535893155                                -109.185839415826266
6.255425709515859                                -109.053538809802276
6.257929883138564                                -108.921930514586748
6.260434056761269                                -108.790996796747365
6.262938230383973                                -108.660720384291821
6.265442404006678                                -108.531084448292034
6.267946577629382                                -108.402072585359633
6.270450751252087                                -108.273668800929897
6.272954924874791                                -108.145857493306181
6.275459098497496                                -108.018623438420917
6.277963272120200                                -107.891951775277647
6.280467445742905                                -107.765827992033167
6.282971619365609                                -107.640237912688761
6.285475792988314                                -107.515167684351226
6.287979966611018                                -107.390603765043920
6.290484140233723                                -107.266532912027287
6.292988313856427                                -107.142942170610226
6.295492487479132                                -107.019818863422273
6.297996661101836                                -106.897150580125967
6.300500834724541                                -106.774925167542449
6.303005008347245                                -106.653130720174957
6.305509181969950                                -106.531755571104384
6.308013355592654                                -106.410788283242425
6.310517529215359                                -106.290217640921497
6.313021702838063                                -106.170032641805946
6.315525876460768                                -106.050222489109629
6.318030050083472                                -105.930776584102858
6.320534223706177                                -105.811684518895476
6.323038397328881                                -105.692936069482570
6.325542570951586                                -105.574521189040368
6.328046744574290                                -105.456430001460348
6.330550918196995                                -105.338652795108885
6.333055091819699                                -105.221180016803132
6.335559265442404                                -105.104002265992676
6.338063439065109                                -104.987110289135700
6.340567612687813                                -104.870494974263181
6.343071786310517                                -104.754147345718707
6.345575959933222                                -104.638058559069378
6.348080133555927                                -104.522219896176708
6.350584307178631                                -104.406622760421925
6.353088480801335                                -104.291258672077817
6.355592654424040                                -104.176119263819302
6.358096828046745                                -104.061196276368676
6.360601001669449                                -103.946481554266242
6.363105175292153                                -103.831967041762553
6.365609348914858                                -103.717644778825985
6.368113522537563                                -103.603506897259038
6.370617696160267                                -103.489545616921092
6.373121869782971                                -103.375753242048702
6.375626043405676                                -103.262122157671783
6.378130217028381                                -103.148644826120361
6.380634390651085                                -103.035313783615621
6.383138564273789                                -102.922121636945093
6.385642737896494                                -102.809061060212912
6.388146911519199                                -102.696124791664943
6.390651085141902                                -102.583305630584718
6.393155258764607                                -102.470596434253906
6.395659432387312                                -102.357990114977596
6.398163606010017                                -102.245479637168160
6.400667779632721                                -102.133058014485357
6.403171953255425                                -102.020718307030705
6.405676126878130                                -101.908453618590897
6.408180300500835                                -101.796257093929427
6.410684474123539                                -101.684121916122734
6.413188647746243                                -101.572041303937709
6.415692821368948                                -101.460008509248070
6.418196994991653                                -101.348016814489085
6.420701168614357                                -101.236059530143265
6.423205342237061                                -101.124129992260691
6.425709515859766                                -101.012221560006950
6.428213689482471                                -100.900327613237479
6.430717863105175                                -100.788441550098199
6.433222036727879                                -100.676556784646735
6.435726210350584                                -100.564666744494673
6.438230383973289                                -100.452764868467611
6.440734557595993                                -100.340844604280790
6.443238731218697                                -100.228899406229047
6.445742904841402                                -100.116922732887673
6.448247078464107                                -100.004908044823267
6.450751252086811                                 -99.892848802312187
6.453255425709515                                 -99.780738463065063
6.455759599332220                                 -99.668570479953445
6.458263772954925                                 -99.556338298739902
6.460767946577629                                 -99.444035355806221
6.463272120200334                                 -99.331655075880221
6.465776293823038                                 -99.219190869757824
6.468280467445743                                 -99.106636132018707
6.470784641068447                                 -98.993984238734384
6.473288814691152                                 -98.881228545164603
6.475792988313856                                 -98.768362383443218
6.478297161936561                                 -98.655379060248464
6.480801335559265                                 -98.542271854457070
6.483305509181970                                 -98.429034014780910
6.485809682804674                                 -98.315658757381527
6.488313856427379                                 -98.202139263463721
6.490818030050083                                 -98.088468676842936
6.493322203672788                                 -97.974640101486784
6.495826377295492                                 -97.860646599026921
6.498330550918197                                 -97.746481186239436
6.500834724540901                                 -97.632136832490914
6.503338898163606                                 -97.517606457149924
6.505843071786310                                 -97.402882926957872
6.508347245409015                                 -97.287959053360851
6.510851419031719                                 -97.172827589795844
6.513355592654424                                 -97.057481228932005
6.515859766277128                                 -96.941912599862576
6.518363939899833                                 -96.826114265245195
6.520868113522537                                 -96.710078718387138
6.523372287145242                                 -96.593798380273071
6.525876460767946                                 -96.477265596532476
6.528380634390651                                 -96.360472634343424
6.530884808013355                                 -96.243411679268306
6.533388981636060                                 -96.126074832020350
6.535893155258765                                 -96.008454105154769
6.538397328881469                                 -95.890541419683686
6.540901502504173                                 -95.772328601608564
6.543405676126878                                 -95.653807378367446
6.545909849749583                                 -95.534969375193768
6.548414023372287                                 -95.415806111380036
6.550918196994991                                 -95.296308996444381
6.553422370617696                                 -95.176469326193555
6.555926544240401                                 -95.056278278679912
6.558430717863104                                 -94.935726910043655
6.560934891485809                                 -94.814806150239704
6.563439065108514                                 -94.693506798638950
6.565943238731219                                 -94.571819519502768
6.568447412353922                                 -94.449734837320349
6.570951585976627                                 -94.327243132007197
6.573455759599332                                 -94.204334633953849
6.575959933222037                                 -94.080999418921451
6.578464106844740                                 -93.957227402774635
6.580968280467445                                 -93.833008336045381
6.583472454090150                                 -93.708331798320302
6.585976627712855                                 -93.583187192440818
6.588480801335558                                 -93.457563738511382
6.590984974958263                                 -93.331450467701956
6.593489148580968                                 -93.204836215839805
6.595993322203673                                 -93.077709616775820
6.598497495826377                                 -92.950059095519322
6.601001669449081                                 -92.821872861126380
6.603505843071786                                 -92.693138899331672
6.606010016694491                                 -92.563844964912093
6.608514190317195                                 -92.433978573765984
6.611018363939899                                 -92.303526994698615
6.613522537562604                                 -92.172477240894736
6.616026711185309                                 -92.040816061066195
6.618530884808013                                 -91.908529930256663
6.621035058430717                                 -91.775605040285967
6.623539232053422                                 -91.642027289817364
6.626043405676127                                 -91.507782274027079
6.628547579298831                                 -91.372855273855635
6.631051752921535                                 -91.237231244820748
6.633555926544240                                 -91.100894805366664
6.636060100166945                                 -90.963830224728412
6.638564273789649                                 -90.826021410281982
6.641068447412353                                 -90.687451894355718
6.643572621035058                                 -90.548104820472318
6.646076794657763                                 -90.407962928991296
6.648580968280467                                 -90.267008542117892
6.651085141903171                                 -90.125223548245060
6.653589315525876                                 -89.982589385589407
6.656093489148581                                 -89.839087025083188
6.658597662771285                                 -89.694696952478935
6.661101836393990                                 -89.549399149621195
6.663606010016694                                 -89.403173074838108
6.666110183639399                                 -89.255997642401340
6.668614357262103                                 -89.107851200998226
6.671118530884808                                 -88.958711511158612
6.673622704507512                                 -88.808555721572247
6.676126878130217                                 -88.657360344230099
6.678631051752921                                 -88.505101228316860
6.681135225375626                                 -88.351753532777280
6.683639398998330                                 -88.197291697472693
6.686143572621035                                 -88.041689412839020
6.688647746243739                                 -87.884919587949284
6.691151919866444                                 -87.726954316878277
6.693656093489148                                 -87.567764843256683
6.696160267111853                                 -87.407321522896069
6.698664440734557                                 -87.245593784354739
6.701168614357262                                 -87.082550087304469
6.703672787979966                                 -86.918157878548087
6.706176961602671                                 -86.752383545524054
6.708681135225375                                 -86.585192367122218
6.711185308848080                                 -86.416548461619215
6.713689482470784                                 -86.246414731525775
6.716193656093489                                 -86.074752805121591
6.718697829716193                                 -85.901522974433675
6.721202003338898                                 -85.726684129390733
6.723706176961602                                 -85.550193687866482
6.726210350584306                                 -85.372007521294378
6.728714524207011                                 -85.192079875510913
6.731218697829716                                 -85.010363286451792
6.733722871452421                                 -84.826808490289295
6.736227045075124                                 -84.641364327561490
6.738731218697829                                 -84.453977640799920
6.741235392320534                                 -84.264593165114889
6.743739565943239                                 -84.073153411143238
6.746243739565942                                 -83.879598539704517
6.748747913188648                                 -83.683866227443986
6.751252086811352                                 -83.485891522668979
6.753756260434058                                 -83.285606690494646
6.756260434056760                                 -83.082941046334042
6.758764607679466                                 -82.877820776645891
6.761268781302170                                 -82.670168745750971
6.763772954924876                                 -82.459904287381136
6.766277128547578                                 -82.246942979482895
6.768781302170284                                 -82.031196400621639
6.771285475792988                                 -81.812571866139550
6.773789649415694                                 -81.590972141997980
6.776293823038396                                 -81.366295133989638
6.778797996661102                                 -81.138433549706249
6.781302170283806                                 -80.907274530335386
6.783806343906511                                 -80.672699248965003
6.786310517529214                                 -80.434582471654977
6.788814691151920                                 -80.192792077027534
6.791318864774624                                 -79.947188529551738
6.793823038397329                                 -79.697624301025769
6.796327212020033                                 -79.443943233990026
6.798831385642738                                 -79.185979839880588
6.801335559265442                                 -78.923558523691057
6.803839732888147                                 -78.656492725648107
6.806343906510851                                 -78.384583968953024
6.808848080133556                                 -78.107620800906105
6.811352253756260                                 -77.825377612683411
6.813856427378965                                 -77.537613320591319
6.816360601001669                                 -77.244069888725292
6.818864774624374                                 -76.944470669445792
6.821368948247078                                 -76.638518533907060
6.823873121869783                                 -76.325893759759779
6.826377295492487                                 -76.006251636992261
6.828881469115192                                 -75.679219745306654
6.831385642737896                                 -75.344394847172182
6.833889816360601                                 -75.001339329245923
6.836393989983305                                 -74.649577110655969
6.838898163606010                                 -74.288588918887456
6.841402337228714                                 -73.917806811716659
6.843906510851419                                 -73.536607795378927
6.846410684474123                                 -73.144306353168901
6.848914858096829                                 -72.740145652374210
6.851419031719532                                 -72.323287137514797
6.853923205342237                                 -71.892798139487837
6.856427378964941                                 -71.447637026841051
6.858931552587647                                 -70.986635287601558
6.861435726210350                                 -70.508475744462260
6.863939899833055                                 -70.011665853040967
6.866444073455759                                 -69.494504683591970
6.868948247078465                                 -68.955041697519221
6.871452420701168                                 -68.391024735293911
6.873956594323873                                 -67.799833628891534
6.876460767946577                                 -67.178394376211813
6.878964941569283                                 -66.523066601257497
6.881469115191986                                 -65.829493628921767
6.883973288814691                                 -65.092399166510702
6.886477462437395                                 -64.305305959095037
6.888981636060101                                 -63.460137400395602
6.891485809682804                                 -62.546638208995653
6.893989983305509                                 -61.551505449367987
6.896494156928213                                 -60.457036339412554
6.898998330550919                                 -59.238929168585443
6.901502504173622                                 -57.862507762975348
6.904006677796327                                 -56.275781556562016
6.906510851419031                                 -54.395502924697453
6.909015025041737                                 -52.075539659875474
6.911519198664440                                 -49.021157104503395
6.914023372287145                                 -44.476977357802532
6.916527545909849                                 -35.026722608521723
6.919031719532555                                 -34.065167130165172
6.921535893155258                                 -43.699510278560865
6.924040066777963                                 -48.004187814758517
6.926544240400667                                 -50.755539009271786
6.929048414023373                                 -52.747610451037545
6.931552587646077                                 -54.284451951039628
6.934056761268781                                 -55.514549644263845
6.936560934891485                                 -56.520950683617663
6.939065108514191                                 -57.354099136047630
6.941569282136895                                 -58.046110573173237
6.944073455759599                                 -58.617701623254355
6.946577629382303                                 -59.081746343412902
6.949081803005009                                 -59.445048142238960
6.951585976627713                                 -59.708976287116698
6.954090150250417                                 -59.869148425854263
6.956594323873121                                 -59.913982903640779
6.959098497495827                                 -59.821453821562628
6.961602671118531                                 -59.552356765322656
6.964106844741235                                 -59.035701547799334
6.966611018363940                                 -58.133347456297557
6.969115191986645                                 -56.537096361887208
6.971619365609349                                 -53.353922116894609
6.974123539232054                                 -43.222073058071302
6.976627712854758                                 -51.658861628907566
6.979131886477463                                 -62.638353781824378
6.981636060100167                                 -71.151295561461154
6.984140233722872                                 -82.805038785587442
6.986644407345576                                 -87.698061224199435
6.989148580968281                                 -78.972431351622021
6.991652754590985                                 -75.860646772523680
6.994156928213690                                 -74.156108786723721
6.996661101836394                                 -73.061462969340624
6.999165275459099                                 -72.290609646920686
7.001669449081803                                 -71.711434057460934
7.004173622704508                                 -71.253418172045997
7.006677796327212                                 -70.875096950056189
7.009181969949917                                 -70.550295858645569
7.011686143572621                                 -70.261543925360129
7.014190317195326                                 -69.996621814039315
7.016694490818030                                 -69.746621141939016
7.019198664440735                                 -69.504789325105193
7.021702838063439                                 -69.265807663400253
7.024207011686144                                 -69.025319817710425
7.026711185308848                                 -68.779610270302825
7.029215358931553                                 -68.525374790737814
7.031719532554257                                 -68.259547760073843
7.034223706176962                                 -67.979163874227211
7.036727879799666                                 -67.681238842297702
7.039232053422371                                 -67.362657521007293
7.041736227045075                                 -67.020059632219812
7.044240400667780                                 -66.649713303743681
7.046744574290485                                 -66.247365230371997
7.049248747913189                                 -65.808052956503445
7.051752921535893                                 -65.325858814683471
7.054257095158598                                 -64.793574775052861
7.056761268781303                                 -64.202229697959893
7.059265442404007                                 -63.540398986288679
7.061769616026711                                 -62.793158560415556
7.064273789649416                                 -61.940432514479262
7.066777963272121                                 -60.954251803734664
7.069282136894825                                 -59.793925502418119
7.071786310517529                                 -58.396864951845117
7.074290484140234                                 -56.659311993771226
7.076794657762939                                 -54.389801145758085
7.079298831385643                                 -51.170289721021604
7.081803005008347                                 -45.753957997448616
7.084307178631052                                 -30.305027181872880
7.086811352253757                                 -44.465935785924977
7.089315525876461                                 -50.984224074045990
7.091819699499165                                 -54.787592822125717
7.094323873121870                                 -57.506821934258809
7.096828046744575                                 -59.639930413494838
7.099332220367279                                 -61.405306555658427
7.101836393989983                                 -62.918275030650300
7.104340567612688                                 -64.247193068681298
7.106844741235393                                 -65.435927408398342
7.109348914858098                                 -66.514314974364169
7.111853088480801                                 -67.503574853736822
7.114357262103506                                 -68.419339301962793
7.116861435726211                                 -69.273459520472002
7.119365609348915                                 -70.075136244830475
7.121869782971619                                 -70.831657083925563
7.124373956594324                                 -71.548894106537318
7.126878130217029                                 -72.231649528839100
7.129382303839733                                 -72.883901954361875
7.131886477462437                                 -73.508985634725448
7.134390651085142                                 -74.109723489183750
7.136894824707847                                 -74.688527496982815
7.139398998330551                                 -75.247475618864314
7.141903171953255                                 -75.788371540065000
7.144407345575960                                 -76.312791643274977
7.146911519198665                                 -76.822122354322801
7.149415692821369                                 -77.317590136636539
7.151919866444073                                 -77.800285806628906
7.154424040066778                                 -78.271184414714014
7.156928213689483                                 -78.731161629695393
7.159432387312187                                 -79.181007340878878
7.161936560934891                                 -79.621437027703507
7.164440734557596                                 -80.053101324071093
7.166944908180301                                 -80.476594112233386
7.169449081803005                                 -80.892459410905261
7.171953255425710                                 -81.301197268409751
7.174457429048414                                 -81.703268829987493
7.176961602671119                                 -82.099100715882955
7.179465776293823                                 -82.489088821279296
7.181969949916528                                 -82.873601628919999
7.184474123539232                                 -83.252983109152723
7.186978297161937                                 -83.627555269213985
7.189482470784641                                 -83.997620403152794
7.191986644407346                                 -84.363463085354027
7.194490818030050                                 -84.725351943734807
7.196994991652755                                 -85.083541243051258
7.199499165275459                                 -85.438272304117021
7.202003338898164                                 -85.789774780897858
7.204507512520868                                 -86.138267814272552
7.207011686143573                                 -86.483961078604509
7.209515859766277                                 -86.827055735052539
7.212020033388982                                 -87.167745303707989
7.214524207011686                                 -87.506216465082943
7.217028380634391                                 -87.842649800177739
7.219532554257095                                 -88.177220477247687
7.222036727879800                                 -88.510098892475412
7.224540901502504                                 -88.841451270966289
7.227045075125209                                 -89.171440233842446
7.229549248747913                                 -89.500225336663718
7.232053422370618                                 -89.827963583951217
7.234557595993322                                 -90.154809924230193
7.237061769616027                                 -90.480917729702895
7.239565943238731                                 -90.806439264442801
7.242070116861436                                 -91.131526144826793
7.244574290484141                                 -91.456329795810731
7.247078464106845                                 -91.781001906592138
7.249582637729549                                 -92.105694889199668
7.252086811352254                                 -92.430562343587155
7.254590984974959                                 -92.755759532910673
7.257095158597663                                 -93.081443872816294
7.259599332220367                                 -93.407775438776355
7.262103505843072                                 -93.734917495783137
7.264607679465777                                 -94.063037055060192
7.267111853088481                                 -94.392305462862240
7.269616026711185                                 -94.722899026955815
7.272120200333890                                 -95.054999686988225
7.274624373956595                                 -95.388795735678428
7.277128547579299                                 -95.724482598648564
7.279632721202003                                 -96.062263681749741
7.282136894824708                                 -96.402351295968998
7.284641068447413                                 -96.744967671474313
7.287145242070117                                 -97.090346074108069
7.289649415692821                                 -97.438732039714026
7.292153589315526                                 -97.790384744187563
7.294657762938231                                 -98.145578530131203
7.297161936560935                                 -98.504604614595422
7.299666110183639                                 -98.867773006753083
7.302170283806344                                 -99.235414669626948
7.304674457429049                                 -99.607883966452590
7.307178631051753                                 -99.985561440136394
7.309682804674457                                -100.368856983997418
7.312186978297162                                -100.758213474001735
7.314691151919867                                -101.154110947680081
7.317195325542571                                -101.557071433662060
7.319699499165275                                -101.967664559415297
7.322203672787980                                -102.386514094775762
7.324707846410685                                -102.814305627233495
7.327212020033389                                -103.251795614395121
7.329716193656093                                -103.699822123301516
7.332220367278798                                -104.159317650537716
7.334724540901503                                -104.631324528614357
7.337228714524207                                -105.117013573266860
7.339732888146911                                -105.617706828029213
7.342237061769616                                -106.134905538476033
7.344741235392321                                -106.670324871222590
7.347245409015025                                -107.225937430753717
7.349749582637729                                -107.804028395286878
7.352253756260434                                -108.407266207995150
7.354757929883139                                -109.038794409178067
7.357262103505843                                -109.702352684480530
7.359766277128547                                -110.402439048674779
7.362270450751252                                -111.144531174263065
7.364774624373957                                -111.935394801611949
7.367278797996661                                -112.783523887667414
7.369782971619366                                -113.699786385767524
7.372287145242070                                -114.698402936091597
7.374791318864775                                -115.798488341806390
7.377295492487479                                -117.026595261076594
7.379799666110184                                -118.421160563897928
7.382303839732888                                -120.040867653959253
7.384808013355593                                -121.981966705225005
7.387312186978297                                -124.419294313921370
7.389816360601002                                -127.725161220787768
7.392320534223706                                -132.960152895733444
7.394824707846411                                -147.312719182301663
7.397328881469115                                -137.415851144772461
7.399833055091820                                -130.216886528130573
7.402337228714524                                -126.404941983389932
7.404841402337229                                -123.814978944100105
7.407345575959933                                -121.861632566666813
7.409849749582638                                -120.299725702443979
7.412353923205342                                -119.002996300325549
7.414858096828047                                -117.897798503222219
7.417362270450751                                -116.937403875710245
7.419866444073456                                -116.090298277332181
7.422370617696160                                -115.334219953701961
7.424874791318865                                -114.652859073747067
7.427378964941569                                -114.033909147384250
7.429883138564274                                -113.467855868748032
7.432387312186978                                -112.947191935590212
7.434891485809683                                -112.465889816907477
7.437395659432387                                -112.019037019235711
7.439899833055092                                -111.602577225273563
7.442404006677797                                -111.213122441718355
7.444908180300501                                -110.847813992784708
7.447412353923205                                -110.504217868982280
7.449916527545910                                -110.180244720474349
7.452420701168615                                -109.874087842995237
7.454924874791319                                -109.584174509182276
7.457429048414023                                -109.309127340880508
7.459933222036728                                -109.047733334844850
7.462437395659433                                -108.798918791426303
7.464941569282137                                -108.561728845787556
7.467445742904841                                -108.335310623640368
7.469949916527546                                -108.118899277661143
7.472454090150251                                -107.911806332980618
7.474958263772955                                -107.713409898229315
7.477462437395659                                -107.523146394938166
7.479966611018364                                -107.340503531204646
7.482470784641069                                -107.165014301594695
7.484974958263773                                -106.996251838532714
7.487479131886477                                -106.833824974221557
7.489983305509182                                -106.677374398594580
7.492487479131887                                -106.526569319794618
7.494991652754591                                -106.381104550328075
7.497495826377295                                -106.240697955428729
7.500000000000000                                -106.105088210930617
