============================================================================================
ANSOFT                                                                              03/02/26
S Parameter Plot1                                                                   16:44:43

--------------------------------------------------------------------------------------------
       Freq [GHz]   dB(S(LumpPort_LINE2_end,LumpPort_LINE1_end)) []
                                                                   
6.000000000000000                               -61.407080346846882
6.004008016032064                               -61.355411851108961
6.008016032064128                               -61.303532004143776
6.012024048096192                               -61.251438729052040
6.016032064128257                               -61.199129918087714
6.020040080160320                               -61.146603432041701
6.024048096192384                               -61.093857099609878
6.028056112224450                               -61.040888716745421
6.032064128256513                               -60.987696045994682
6.036072144288577                               -60.934276815815885
6.040080160320642                               -60.880628719880747
6.044088176352705                               -60.826749416357870
6.048096192384770                               -60.772636527177667
6.052104208416834                               -60.718287637278195
6.056112224448897                               -60.663700293831255
6.060120240480962                               -60.608872005448049
6.064128256513026                               -60.553800241364058
6.068136272545090                               -60.498482430602124
6.072144288577154                               -60.442915961113144
6.076152304609218                               -60.387098178893844
6.080160320641283                               -60.331026387080612
6.084168336673346                               -60.274697845018828
6.088176352705411                               -60.218109767306693
6.092184368737476                               -60.161259322812938
6.096192384769539                               -60.104143633667391
6.100200400801604                               -60.046759774223482
6.104208416833668                               -59.989104769991897
6.108216432865731                               -59.931175596544307
6.112224448897796                               -59.872969178386043
6.116232464929860                               -59.814482387796993
6.120240480961924                               -59.755712043639313
6.124248496993988                               -59.696654910130846
6.128256513026052                               -59.637307695583317
6.132264529058116                               -59.577667051103774
6.136272545090180                               -59.517729569258115
6.140280561122244                               -59.457491782695442
6.144288577154309                               -59.396950162731763
6.148296593186373                               -59.336101117891374
6.152304609218437                               -59.274940992405064
6.156312625250501                               -59.213466064662732
6.160320641282565                               -59.151672545619398
6.164328657314630                               -59.089556577152671
6.168336673346693                               -59.027114230369889
6.172344689378757                               -58.964341503862975
6.176352705410822                               -58.901234321909371
6.180360721442885                               -58.837788532616749
6.184368737474950                               -58.773999906009315
6.188376753507014                               -58.709864132053966
6.192384769539077                               -58.645376818623390
6.196392785571142                               -58.580533489394035
6.200400801603207                               -58.515329581676561
6.204408817635271                               -58.449760444175752
6.208416833667335                               -58.383821334677314
6.212424849699399                               -58.317507417658987
6.216432865731463                               -58.250813761822315
6.220440881763527                               -58.183735337542437
6.224448897795591                               -58.116267014232584
6.228456913827656                               -58.048403557619331
6.232464929859719                               -57.980139626925705
6.236472945891784                               -57.911469771957570
6.240480961923848                               -57.842388430090139
6.244488977955911                               -57.772889923149684
6.248496993987976                               -57.702968454186504
6.252505010020040                               -57.632618104134529
6.256513026052104                               -57.561832828352593
6.260521042084169                               -57.490606453042304
6.264529058116233                               -57.418932671537462
6.268537074148297                               -57.346805040459145
6.272545090180361                               -57.274216975730681
6.276553106212425                               -57.201161748446467
6.280561122244489                               -57.127632480588005
6.284569138276553                               -57.053622140580266
6.288577154308618                               -56.979123538681449
6.292585170340681                               -56.904129322198372
6.296593186372745                               -56.828631970519410
6.300601202404810                               -56.752623789957077
6.304609218436873                               -56.676096908390690
6.308617234468938                               -56.599043269700331
6.312625250501002                               -56.521454627982159
6.316633266533066                               -56.443322541534414
6.320641282565131                               -56.364638366603366
6.324649298597195                               -56.285393250877682
6.328657314629258                               -56.205578126718628
6.332665330661323                               -56.125183704113468
6.336673346693387                               -56.044200463338299
6.340681362725451                               -55.962618647315665
6.344689378757515                               -55.880428253651566
6.348697394789579                               -55.797619026336164
6.352705410821643                               -55.714180447089952
6.356713426853707                               -55.630101726338019
6.360721442885771                               -55.545371793792633
6.364729458917835                               -55.459979288623593
6.368737474949899                               -55.373912549194380
6.372745490981965                               -55.287159602341411
6.376753507014029                               -55.199708152170992
6.380761523046092                               -55.111545568348376
6.384769539078157                               -55.022658873850631
6.388777555110220                               -54.933034732153835
6.392785571142285                               -54.842659433822703
6.396793587174349                               -54.751518882469256
6.400801603206413                               -54.659598580043962
6.404809619238477                               -54.566883611421765
6.408817635270541                               -54.473358628241037
6.412825651302605                               -54.379007831952642
6.416833667334669                               -54.283814956031406
6.420841683366733                               -54.187763247300190
6.424849699398798                               -54.090835446313307
6.428857715430861                               -53.993013766741100
6.432865731462926                               -53.894279873694487
6.436873747494991                               -53.794614860923474
6.440881763527054                               -53.693999226818299
6.444889779559118                               -53.592412849137204
6.448897795591183                               -53.489834958379035
6.452905811623246                               -53.386244109712223
6.456913827655311                               -53.281618153365173
6.460921843687375                               -53.175934203376272
6.464929859719438                               -53.069168604592498
6.468937875751503                               -52.961296897797894
6.472945891783567                               -52.852293782843603
6.476953907815631                               -52.742133079639629
6.480961923847695                               -52.630787686858383
6.484969939879760                               -52.518229538187157
6.488977955911824                               -52.404429555951957
6.492985971943888                               -52.289357601921971
6.496993987975952                               -52.172982425085756
6.501002004008016                               -52.055271606172866
6.505010020040080                               -51.936191498674312
6.509018036072145                               -51.815707166093851
6.513026052104208                               -51.693782315136374
6.517034068136272                               -51.570379224514468
6.521042084168337                               -51.445458669023367
6.525050100200400                               -51.318979838501583
6.529058116232465                               -51.190900251258526
6.533066132264529                               -51.061175661509594
6.537074148296592                               -50.929759960313341
6.541082164328657                               -50.796605069456355
6.545090180360722                               -50.661660827674211
6.549098196392786                               -50.524874868534546
6.553106212424850                               -50.386192489238425
6.557114228456914                               -50.245556509516696
6.561122244488978                               -50.102907119711197
6.565130260521042                               -49.958181717029291
6.569138276553106                               -49.811314728850853
6.573146292585171                               -49.662237421838071
6.577154308617234                               -49.510877695457765
6.581162324649299                               -49.357159858362849
6.585170340681363                               -49.201004385897207
6.589178356713426                               -49.042327656778291
6.593186372745491                               -48.881041666774550
6.597194388777555                               -48.717053716923630
6.601202404809619                               -48.550266073524242
6.605210420841684                               -48.380575596779948
6.609218436873748                               -48.207873334560716
6.613226452905812                               -48.032044077275060
6.617234468937876                               -47.852965869298004
6.621242484969940                               -47.670509471766032
6.625250501002004                               -47.484537770810427
6.629258517034068                               -47.294905124442302
6.633266533066132                               -47.101456640295240
6.637274549098196                               -46.904027375251481
6.641282565130260                               -46.702441446588701
6.645290581162325                               -46.496511042645317
6.649298597194388                               -46.286035319056147
6.653306613226452                               -46.070799164301320
6.657314629258518                               -45.850571815548847
6.661322645290581                               -45.625105302461947
6.665330661322646                               -45.394132692658424
6.669338677354710                               -45.157366107691104
6.673346693386774                               -44.914494472562907
6.677354709418838                               -44.665180954646388
6.681362725450902                               -44.409060039104574
6.685370741482966                               -44.145734177094738
6.689378757515030                               -43.874769929606678
6.693386773547094                               -43.595693513036260
6.697394789579159                               -43.307985631538806
6.701402805611222                               -43.011075454588379
6.705410821643286                               -42.704333564256615
6.709418837675350                               -42.387063653205878
6.713426853707414                               -42.058492698075689
6.717434869739479                               -41.717759259457793
6.721442885771544                               -41.363899462849602
6.725450901803607                               -40.995830086211697
6.729458917835672                               -40.612328006622107
6.733466933867736                               -40.212005023064670
6.737474949899799                               -39.793276748163088
6.741482965931864                               -39.354323809180670
6.745490981963928                               -38.893042957765253
6.749498997995992                               -38.406984765690517
6.753507014028056                               -37.893273233145514
6.757515030060120                               -37.348500619145817
6.761523046092184                               -36.768587726286341
6.765531062124248                               -36.148595062966429
6.769539078156313                               -35.482462585861455
6.773547094188377                               -34.762642948333863
6.777555110220441                               -33.979571287229184
6.781563126252506                               -33.120875534881726
6.785571142284569                               -32.170158279666353
6.789579158316633                               -31.105037115760584
6.793587174348698                               -29.893826361849523
6.797595190380761                               -28.489546778785638
6.801603206412826                               -26.818182311223552
6.805611222444890                               -24.752964439803705
6.809619238476953                               -22.048441999757657
6.813627254509018                               -18.124137572965626
6.817635270541082                               -10.944796435651053
6.821643286573146                                -3.973243084710448
6.825651302605210                               -15.420716628652581
6.829659318637275                               -20.381269408807867
6.833667334669339                               -23.526137653991931
6.837675350701403                               -25.828596049804414
6.841683366733467                               -27.644213689572339
6.845691382765532                               -29.142510416181487
6.849699398797595                               -30.417542017211613
6.853707414829660                               -31.526923616964353
6.857715430861723                               -32.508508120838570
6.861723446893787                               -33.388499709876342
6.865731462925852                               -34.185790074534836
6.869739478957916                               -34.914448292431729
6.873747494989980                               -35.585233894469802
6.877755511022044                               -36.206559596053488
6.881763527054108                               -36.785127641816942
6.885771543086172                               -37.326364131724866
6.889779559118237                               -37.834723703739911
6.893787575150301                               -38.313908399016078
6.897795591182365                               -38.767028171306727
6.901803607214429                               -39.196720768123299
6.905811623246493                               -39.605242730588209
6.909819639278557                               -39.994539478325294
6.913827655310621                               -40.366299994651087
6.917835671342686                               -40.722000001894344
6.921843687374749                               -41.062936416628276
6.925851703406813                               -41.390255116294028
6.929859719438878                               -41.704973517166586
6.933867735470941                               -42.007999085302281
6.937875751503006                               -42.300144629054977
6.941883767535071                               -42.582141022114214
6.945891783567134                               -42.854647858314848
6.949899799599199                               -43.118262428976763
6.953907815631263                               -43.373527330026192
6.957915831663327                               -43.620936942438206
6.961923847695391                               -43.860942980489781
6.965931863727455                               -44.093959264237995
6.969939879759519                               -44.320365842852098
6.973947895791583                               -44.540512571951076
6.977955911823647                               -44.754722229467923
6.981963927855711                               -44.963293239681491
6.985971943887775                               -45.166502063096090
6.989979959919840                               -45.364605300179051
6.993987975951904                               -45.557841549108325
6.997995991983967                               -45.746433051258030
7.002004008016033                               -45.930587152875461
7.006012024048096                               -46.110497607049759
7.010020040080160                               -46.286345736466416
7.014028056112225                               -46.458301474434933
7.018036072144289                               -46.626524299169645
7.022044088176353                               -46.791164074194668
7.026052104208417                               -46.952361805968359
7.030060120240480                               -47.110250328324177
7.034068136272545                               -47.264954922050030
7.038076152304609                               -47.416593876844516
7.042084168336673                               -47.565279001964399
7.046092184368737                               -47.711116091083596
7.050100200400801                               -47.854205346204438
7.054108216432866                               -47.994641764873968
7.058116232464929                               -48.132515494452335
7.062124248496994                               -48.267912156741943
7.066132264529059                               -48.400913145902791
7.070140280561122                               -48.531595902250615
7.074148296593187                               -48.660034164242177
7.078156312625251                               -48.786298200701083
7.082164328657314                               -48.910455025114558
7.086172344689379                               -49.032568593637222
7.090180360721443                               -49.152699988265454
7.094188376753507                               -49.270907586496037
7.098196392785571                               -49.387247218648639
7.102204408817635                               -49.501772313912227
7.106212424849699                               -49.614534036072236
7.110220440881763                               -49.725581409781398
7.114228456913828                               -49.834961438153016
7.118236472945893                               -49.942719212384048
7.122244488977956                               -50.048898014045989
7.126252505010020                               -50.153539410625790
7.130260521042084                               -50.256683344842934
7.134268537074148                               -50.358368218224292
7.138276553106213                               -50.458630969373111
7.142284569138277                               -50.557507147331648
7.146292585170340                               -50.655030980402259
7.150300601202405                               -50.751235440759721
7.154308617234468                               -50.846152305159926
7.158316633266533                               -50.939812212025359
7.162324649298597                               -51.032244715162406
7.166332665330661                               -51.123478334347759
7.170340681362725                               -51.213540602998869
7.174348697394790                               -51.302458113129290
7.178356713426854                               -51.390256557770982
7.182364729458918                               -51.476960771034214
7.186372745490982                               -51.562594765960341
7.190380761523047                               -51.647181770311931
7.194388777555110                               -51.730744260434221
7.198396793587174                               -51.813303993310427
7.202404809619238                               -51.894882036926006
7.206412825651302                               -51.975498799047486
7.210420841683367                               -52.055174054514090
7.214428857715431                               -52.133926971133803
7.218436873747494                               -52.211776134268170
7.222444889779559                               -52.288739570185228
7.226452905811623                               -52.364834768253218
7.230460921843687                               -52.440078702044403
7.234468937875752                               -52.514487849411580
7.238476953907816                               -52.588078211597413
7.242484969939880                               -52.660865331431665
7.246492985971944                               -52.732864310668283
7.250501002004008                               -52.804089826510420
7.254509018036072                               -52.874556147368637
7.258517034068136                               -52.944277147894987
7.262525050100201                               -53.013266323332019
7.266533066132265                               -53.081536803214036
7.270541082164328                               -53.149101364455483
7.274549098196393                               -53.215972443859123
7.278557114228456                               -53.282162150074200
7.282565130260521                               -53.347682275033762
7.286573146292586                               -53.412544304897963
7.290581162324650                               -53.476759430528702
7.294589178356714                               -53.540338557519725
7.298597194388778                               -53.603292315804239
7.302605210420841                               -53.665631068861416
7.306613226452906                               -53.727364922541945
7.310621242484970                               -53.788503733530966
7.314629258517034                               -53.849057117466330
7.318637274549098                               -53.909034456729032
7.322645290581162                               -53.968444907921310
7.326653306613226                               -54.027297409047478
7.330661322645290                               -54.085600686411539
7.334669338677354                               -54.143363261244744
7.338677354709419                               -54.200593456075993
7.342685370741482                               -54.257299400856631
7.346693386773548                               -54.313489038851159
7.350701402805611                               -54.369170132304191
7.354709418837675                               -54.424350267894283
7.358717434869740                               -54.479036861983715
7.362725450901804                               -54.533237165673533
7.366733466933868                               -54.586958269672408
7.370741482965932                               -54.640207108987582
7.374749498997996                               -54.692990467445412
7.378757515030060                               -54.745314982049102
7.382765531062124                               -54.797187147180637
7.386773547094188                               -54.848613318653214
7.390781563126252                               -54.899599717621058
7.394789579158316                               -54.950152434352049
7.398797595190381                               -55.000277431869179
7.402805611222445                               -55.049980549466369
7.406813627254509                               -55.099267506103644
7.410821643286574                               -55.148143903686488
7.414829659318638                               -55.196615230234372
7.418837675350701                               -55.244686862942828
7.422845691382766                               -55.292364071143155
7.426853707414829                               -55.339652019164028
7.430861723446894                               -55.386555769098891
7.434869739478958                               -55.433080283482624
7.438877755511022                               -55.479230427881383
7.442885771543086                               -55.525010973398487
7.446893787575150                               -55.570426599100216
7.450901803607214                               -55.615481894363874
7.454909819639278                               -55.660181361151679
7.458917835671343                               -55.704529416213013
7.462925851703408                               -55.748530393217600
7.466933867735471                               -55.792188544822480
7.470941883767535                               -55.835508044675137
7.474949899799599                               -55.878492989354875
7.478957915831663                               -55.921147400255165
7.482965931863728                               -55.963475225408644
7.486973947895792                               -56.005480341257325
7.490981963927855                               -56.047166554369397
7.494989979959920                               -56.088537603105245
7.498997995991983                               -56.129597159233732
7.503006012024048                               -56.170348829501151
7.507014028056112                               -56.210796157154135
7.511022044088176                               -56.250942623418183
7.515030060120240                               -56.290791648933478
7.519038076152305                               -56.330346595149400
7.523046092184368                               -56.369610765679028
7.527054108216433                               -56.408587407615229
7.531062124248497                               -56.447279712809440
7.535070140280562                               -56.485690819114581
7.539078156312625                               -56.523823811592997
7.543086172344689                               -56.561681723691130
7.547094188376754                               -56.599267538381284
7.551102204408817                               -56.636584189272426
7.555110220440882                               -56.673634561690200
7.559118236472946                               -56.710421493727814
7.563126252505009                               -56.746947777268382
7.567134268537074                               -56.783216158979755
7.571142284569139                               -56.819229341282799
7.575150300601202                               -56.854989983293656
7.579158316633267                               -56.890500701741438
7.583166332665331                               -56.925764071861273
7.587174348697395                               -56.960782628264383
7.591182364729459                               -56.995558865785100
7.595190380761523                               -57.030095240306238
7.599198396793587                               -57.064394169562917
7.603206412825651                               -57.098458033925809
7.607214428857715                               -57.132289177164537
7.611222444889780                               -57.165889907191399
7.615230460921843                               -57.199262496786609
7.619238476953908                               -57.232409184304956
7.623246492985971                               -57.265332174365042
7.627254509018035                               -57.298033638521233
7.631262525050101                               -57.330515715918935
7.635270541082165                               -57.362780513933835
7.639278557114229                               -57.394830108795254
7.643286573146293                               -57.426666546194554
7.647294589178356                               -57.458291841878420
7.651302605210421                               -57.489707982228168
7.655310621242485                               -57.520916924824704
7.659318637274549                               -57.551920599000361
7.663326653306613                               -57.582720906377283
7.667334669338677                               -57.613319721393161
7.671342685370741                               -57.643718891814508
7.675350701402805                               -57.673920239237965
7.679358717434869                               -57.703925559579694
7.683366733466934                               -57.733736623553654
7.687374749498998                               -57.763355177138457
7.691382765531062                               -57.792782942033732
7.695390781563127                               -57.822021616105928
7.699398797595190                               -57.851072873823810
7.703406813627255                               -57.879938366684200
7.707414829659319                               -57.908619723628014
7.711422845691382                               -57.937118551446929
7.715430861723447                               -57.965436435180884
7.719438877755511                               -57.993574938506718
7.723446893787575                               -58.021535604118199
7.727454909819639                               -58.049319954097570
7.731462925851703                               -58.076929490279028
7.735470941883768                               -58.104365694603992
7.739478957915831                               -58.131630029468809
7.743486973947896                               -58.158723938064895
7.747494989979960                               -58.185648844711309
7.751503006012024                               -58.212406155180432
7.755511022044089                               -58.238997257016308
7.759519038076153                               -58.265423519846550
7.763527054108216                               -58.291686295687278
7.767535070140281                               -58.317786919241840
7.771543086172344                               -58.343726708192989
7.775551102204409                               -58.369506963489158
7.779559118236473                               -58.395128969624544
7.783567134268537                               -58.420593994913432
7.787575150300601                               -58.445903291758803
7.791583166332665                               -58.471058096915456
7.795591182364729                               -58.496059631747585
7.799599198396793                               -58.520909102481156
7.803607214428858                               -58.545607700451107
7.807615230460923                               -58.570156602343538
7.811623246492986                               -58.594556970432919
7.815631262525050                               -58.618809952814637
7.819639278557114                               -58.642916683632734
7.823647294589178                               -58.666878283303170
7.827655310621243                               -58.690695858732624
7.831663326653307                               -58.714370503532905
7.835671342685370                               -58.737903298231153
7.839679358717435                               -58.761295310475901
7.843687374749499                               -58.784547595239118
7.847695390781563                               -58.807661195014191
7.851703406813627                               -58.830637140010190
7.855711422845691                               -58.853476448342278
7.859719438877756                               -58.876180126218486
7.863727454909820                               -58.898749168122819
7.867735470941884                               -58.921184556994952
7.871743486973948                               -58.943487264406414
7.875751503006012                               -58.965658250733462
7.879759519038076                               -58.987698465326645
7.883767535070141                               -59.009608846677168
7.887775551102204                               -59.031390322580187
7.891783567134269                               -59.053043810294952
7.895791583166332                               -59.074570216702000
7.899799599198396                               -59.095970438457435
7.903807615230461                               -59.117245362144345
7.907815631262525                               -59.138395864421369
7.911823647294589                               -59.159422812168614
7.915831663326654                               -59.180327062630852
7.919839679358717                               -59.201109463558069
7.923847695390782                               -59.221770853343550
7.927855711422846                               -59.242312061159282
7.931863727454910                               -59.262733907089185
7.935871743486974                               -59.283037202259635
7.939879759519038                               -59.303222748967919
7.943887775551102                               -59.323291340808176
7.947895791583166                               -59.343243762795254
7.951903807615230                               -59.363080791486226
7.955911823647295                               -59.382803195099910
7.959919839679358                               -59.402411733634146
7.963927855711423                               -59.421907158981135
7.967935871743486                               -59.441290215040610
7.971943887775550                               -59.460561637831177
7.975951903807616                               -59.479722155599639
7.979959919839680                               -59.498772488928431
7.983967935871743                               -59.517713350841284
7.987975951903808                               -59.536545446906914
7.991983967935871                               -59.555269475341071
7.995991983967936                               -59.573886127106810
8.000000000000000                               -59.592396086012982
