12.000000000000000                               -58.635873767822787
12.006677796327212                               -58.604017029451832
12.013355592654424                               -58.572024667660941
12.020033388981636                               -58.539895920423461
12.026711185308848                               -58.507630017015686
12.033388981636060                               -58.475226177894498
12.040066777963272                               -58.442683614572857
12.046744574290484                               -58.410001529492959
12.053422370617696                               -58.377179115897000
12.060100166944908                               -58.344215557695762
12.066777963272120                               -58.311110029334465
12.073455759599332                               -58.277861695656377
12.080133555926544                               -58.244469711763848
12.086811352253756                               -58.210933222876555
12.093489148580970                               -58.177251364187299
12.100166944908180                               -58.143423260715039
12.106844741235392                               -58.109448027155047
12.113522537562606                               -58.075324767726300
12.120200333889816                               -58.041052576016000
12.126878130217028                               -58.006630534821028
12.133555926544242                               -57.972057715986367
12.140233722871452                               -57.937333180240572
12.146911519198664                               -57.902455977027820
12.153589315525878                               -57.867425144336842
12.160267111853088                               -57.832239708526586
12.166944908180300                               -57.796898684148260
12.173622704507514                               -57.761401073764077
12.180300500834724                               -57.725745867762427
12.186978297161936                               -57.689932044169211
12.193656093489150                               -57.653958568455622
12.200333889816360                               -57.617824393342055
12.207011686143572                               -57.581528458598029
12.213689482470786                               -57.545069690838119
12.220367278797996                               -57.508447003313862
12.227045075125208                               -57.471659295701315
12.233722871452422                               -57.434705453884412
12.240400667779632                               -57.397584349733826
12.247078464106844                               -57.360294840881352
12.253756260434058                               -57.322835770489633
12.260434056761268                               -57.285205967017163
12.267111853088480                               -57.247404243978337
12.273789649415694                               -57.209429399698635
12.280467445742905                               -57.171280217064606
12.287145242070116                               -57.132955463268587
12.293823038397329                               -57.094453889548120
12.300500834724541                               -57.055774230919887
12.307178631051752                               -57.016915205907793
12.313856427378965                               -56.977875516265534
12.320534223706177                               -56.938653846693015
12.327212020033388                               -56.899248864546699
12.333889816360601                               -56.859659219543857
12.340567612687813                               -56.819883543460186
12.347245409015024                               -56.779920449820985
12.353923205342237                               -56.739768533585504
12.360601001669449                               -56.699426370824462
12.367278797996660                               -56.658892518390296
12.373956594323873                               -56.618165513580237
12.380634390651085                               -56.577243873791865
12.387312186978296                               -56.536126096170833
12.393989983305509                               -56.494810657250873
12.400667779632721                               -56.453296012585632
12.407345575959932                               -56.411580596372019
12.414023372287145                               -56.369662821065148
12.420701168614357                               -56.327541076984524
12.427378964941568                               -56.285213731910915
12.434056761268781                               -56.242679130674233
12.440734557595993                               -56.199935594731691
12.447412353923204                               -56.156981421736212
12.454090150250417                               -56.113814885094669
12.460767946577629                               -56.070434233515847
12.467445742904841                               -56.026837690547652
12.474123539232053                               -55.983023454103389
12.480801335559265                               -55.938989695976787
12.487479131886479                               -55.894734561345274
12.494156928213689                               -55.850256168261502
12.500834724540901                               -55.805552607132434
12.507512520868115                               -55.760621940185786
12.514190317195325                               -55.715462200923625
12.520868113522537                               -55.670071393562289
12.527545909849751                               -55.624447492458707
12.534223706176961                               -55.578588441522555
12.540901502504173                               -55.532492153613518
12.547579298831387                               -55.486156509923759
12.554257095158597                               -55.439579359344798
12.560934891485809                               -55.392758517818237
12.567612687813023                               -55.345691767670210
12.574290484140233                               -55.298376856928790
12.580968280467445                               -55.250811498623797
12.587646076794659                               -55.202993370068654
12.594323873121869                               -55.154920112123676
12.601001669449081                               -55.106589328440030
12.607679465776295                               -55.057998584684000
12.614357262103507                               -55.009145407740867
12.621035058430717                               -54.960027284897620
12.627712854757931                               -54.910641663004014
12.634390651085143                               -54.860985947611240
12.641068447412353                               -54.811057502087266
12.647746243739567                               -54.760853646708441
12.654424040066779                               -54.710371657726434
12.661101836393989                               -54.659608766409463
12.667779632721203                               -54.608562158057445
12.674457429048415                               -54.557228970989840
12.681135225375625                               -54.505606295505288
12.687813021702839                               -54.453691172812398
12.694490818030051                               -54.401480593930373
12.701168614357261                               -54.348971498558534
12.707846410684475                               -54.296160773913940
12.714524207011687                               -54.243045253535612
12.721202003338897                               -54.189621716054518
12.727879799666111                               -54.135886883927924
12.734557595993323                               -54.081837422137156
12.741235392320533                               -54.027469936847005
12.747913188647747                               -53.972780974025994
12.754590984974959                               -53.917767018025764
12.761268781302169                               -53.862424490118023
12.767946577629383                               -53.806749746987997
12.774624373956595                               -53.750739079182338
12.781302170283805                               -53.694388709509994
12.787979966611019                               -53.637694791394502
12.794657762938231                               -53.580653407175717
12.801335559265443                               -53.523260566358999
12.808013355592655                               -53.465512203810221
12.814691151919867                               -53.407404177894392
12.821368948247079                               -53.348932268555743
12.828046744574291                               -53.290092175336994
12.834724540901503                               -53.230879515335836
12.841402337228715                               -53.171289821095620
12.848080133555927                               -53.111318538428293
12.854757929883139                               -53.050961024166710
12.861435726210351                               -52.990212543843271
12.868113522537563                               -52.929068269292507
12.874791318864775                               -52.867523276174353
12.881469115191987                               -52.805572541414598
12.888146911519199                               -52.743210940559926
12.894824707846411                               -52.680433245043339
12.901502504173623                               -52.617234119356773
12.908180300500835                               -52.553608118126945
12.914858096828047                               -52.489549683090438
12.921535893155259                               -52.425053139963836
12.928213689482471                               -52.360112695204364
12.934891485809683                               -52.294722432656926
12.941569282136895                               -52.228876310081837
12.948247078464108                               -52.162568155559001
12.954924874791319                               -52.095791663762796
12.961602671118531                               -52.028540392101959
12.968280467445744                               -51.960807756718765
12.974958263772955                               -51.892587028341381
12.981636060100167                               -51.823871327982474
12.988313856427380                               -51.754653622477697
12.994991652754591                               -51.684926719856428
13.001669449081803                               -51.614683264537348
13.008347245409016                               -51.543915732340892
13.015025041736227                               -51.472616425309937
13.021702838063439                               -51.400777466329970
13.028380634390652                               -51.328390793539207
13.035058430717863                               -51.255448154519023
13.041736227045075                               -51.181941100253908
13.048414023372288                               -51.107860978850006
13.055091819699499                               -51.033198929000882
13.061769616026710                               -50.957945873187498
13.068447412353924                               -50.882092510600089
13.075125208681134                               -50.805629309767951
13.081803005008346                               -50.728546500881855
13.088480801335560                               -50.650834067794833
13.095158597662770                               -50.572481739684186
13.101836393989982                               -50.493478982357146
13.108514190317196                               -50.413814989182683
13.115191986644406                               -50.333478671629244
13.121869782971618                               -50.252458649387833
13.128547579298832                               -50.170743240058542
13.135225375626044                               -50.088320448377360
13.141903171953254                               -50.005177954958043
13.148580968280468                               -49.921303104522686
13.155258764607680                               -49.836682893593448
13.161936560934890                               -49.751303957614567
13.168614357262104                               -49.665152557473611
13.175292153589316                               -49.578214565387697
13.181969949916526                               -49.490475450118076
13.188647746243740                               -49.401920261474999
13.195325542570952                               -49.312533614071384
13.202003338898162                               -49.222299670280535
13.208681135225376                               -49.131202122351752
13.215358931552588                               -49.039224173632562
13.222036727879798                               -48.946348518843649
13.228714524207012                               -48.852557323348947
13.235392320534224                               -48.757832201358241
13.242070116861434                               -48.662154192996141
13.248747913188648                               -48.565503740165454
13.255425709515860                               -48.467860661128846
13.262103505843070                               -48.369204123725154
13.268781302170284                               -48.269512617132271
13.275459098497496                               -48.168763922080949
13.282136894824706                               -48.066935079415373
13.288814691151920                               -47.964002356890518
13.295492487479132                               -47.859941214085495
13.302170283806342                               -47.754726265302921
13.308848080133556                               -47.648331240314931
13.315525876460768                               -47.540728942803092
13.322203672787980                               -47.431891206328096
13.328881469115192                               -47.321788847651412
13.335559265442404                               -47.210391617214441
13.342237061769616                               -47.097668146565901
13.348914858096828                               -46.983585892508117
13.355592654424040                               -46.868111077714339
13.362270450751252                               -46.751208627545026
13.368948247078464                               -46.632842102767988
13.375626043405676                               -46.512973627859836
13.382303839732888                               -46.391563814534834
13.388981636060100                               -46.268571680115798
13.395659432387312                               -46.143954560323635
13.402337228714524                               -46.017668016020522
13.409015025041736                               -45.889665733397649
13.415692821368948                               -45.759899417046213
13.422370617696160                               -45.628318675293414
13.429048414023372                               -45.494870897123327
13.435726210350584                               -45.359501119929455
13.442404006677796                               -45.222151887267579
13.449081803005008                               -45.082763095687540
13.455759599332220                               -44.941271829622167
13.462437395659432                               -44.797612183198005
13.469115191986644                               -44.651715067704856
13.475792988313856                               -44.503508003317009
13.482470784641068                               -44.352914893493320
13.489148580968282                               -44.199855780299870
13.495826377295492                               -44.044246578685467
13.502504173622704                               -43.885998787498451
13.509181969949918                               -43.725019174760298
13.515859766277128                               -43.561209434392659
13.522537562604340                               -43.394465811233786
13.529215358931554                               -43.224678690763497
13.535893155258764                               -43.051732149474169
13.542570951585976                               -42.875503461269290
13.549248747913190                               -42.695862554626942
13.555926544240400                               -42.512671414514273
13.562604340567612                               -42.325783422165969
13.569282136894826                               -42.135042624815441
13.575959933222036                               -41.940282926268125
13.582637729549248                               -41.741327187792059
13.589315525876462                               -41.537986227131924
13.595993322203672                               -41.330057701474836
13.602671118530884                               -41.117324857837986
13.609348914858098                               -40.899555131540318
13.616026711185308                               -40.676498570042668
13.622704507512520                               -40.447886055378746
13.629382303839733                               -40.213427293485665
13.636060100166944                               -39.972808532765157
13.642737896494156                               -39.725689966910615
13.649415692821369                               -39.471702768076490
13.656093489148580                               -39.210445685405887
13.662771285475792                               -38.941481130205261
13.669449081803005                               -38.664330651906347
13.676126878130217                               -38.378469687405413
13.682804674457428                               -38.083321439093027
13.689482470784641                               -37.778249702126935
13.696160267111853                               -37.462550416855265
13.702838063439064                               -37.135441664484325
13.709515859766277                               -36.796051748591317
13.716193656093489                               -36.443404905548803
13.722871452420700                               -36.076404054415896
13.729549248747913                               -35.693809818530127
13.736227045075125                               -35.294214808274418
13.742904841402336                               -34.876011819877874
13.749582637729549                               -34.437354137605404
13.756260434056761                               -33.976105463808580
13.762938230383972                               -33.489776046186137
13.769616026711185                               -32.975440170844614
13.776293823038397                               -32.429628095028612
13.782971619365609                               -31.848182292533931
13.789649415692821                               -31.226062874479670
13.796327212020033                               -30.557078990530538
13.803005008347245                               -29.833509655361517
13.809682804674457                               -29.045554506787035
13.816360601001669                               -28.180514006315725
13.823038397328883                               -27.221521819088309
13.829716193656093                               -26.145500176284443
13.836393989983305                               -24.919687763718315
13.843071786310519                               -23.495353022572118
13.849749582637729                               -21.795435607005743
13.856427378964941                               -19.687441623443075
13.863105175292155                               -16.914171007912387
13.869782971619365                               -12.871689920921218
13.876460767946577                                -5.665276280903470
13.883138564273791                                -3.028091816329846
13.889816360601001                               -11.543366699500998
13.896494156928213                               -16.062779896116737
13.903171953255427                               -19.047460676612552
13.909849749582637                               -21.269116076454413
13.916527545909849                               -23.036754381205455
13.923205342237063                               -24.503685152688497
13.929883138564273                               -25.756889013975442
13.936560934891485                               -26.850412157366101
13.943238731218699                               -27.820115666983810
13.949916527545909                               -28.691005737166250
13.956594323873121                               -29.481210751847694
13.963272120200335                               -30.204290624140953
13.969949916527545                               -30.870652323012251
13.976627712854757                               -31.488456748820095
13.983305509181971                               -32.064221519534584
13.989983305509181                               -32.603234305443209
13.996661101836393                               -33.109843922693095
14.003338898163607                               -33.587670136943615
14.010016694490819                               -34.039757972353883
14.016694490818029                               -34.468693252664202
14.023372287145243                               -34.876690501399082
14.030050083472455                               -35.265660772892417
14.036727879799665                               -35.637264671956920
14.043405676126879                               -35.992954280380637
14.050083472454091                               -36.334006663309474
14.056761268781301                               -36.661550906193867
14.063439065108515                               -36.976590125389023
14.070116861435727                               -37.280019533445461
14.076794657762937                               -37.572641378273659
14.083472454090151                               -37.855177383581861
14.090150250417363                               -38.128279175845876
14.096828046744573                               -38.392537076579877
14.103505843071787                               -38.648487558078671
14.110183639398999                               -38.896619599226497
14.116861435726209                               -39.137380130510437
14.123539232053423                               -39.371178720485126
14.130217028380635                               -39.598391627057978
14.136894824707845                               -39.819365314169190
14.143572621035059                               -40.034419516342666
14.150250417362271                               -40.243849919110566
14.156928213689481                               -40.447930511675601
14.163606010016695                               -40.646915658753962
14.170283806343907                               -40.841041930884884
14.176961602671117                               -41.030529726224039
14.183639398998331                               -41.215584711690923
14.190317195325543                               -41.396399107089707
14.196994991652755                               -41.573152832295918
14.203672787979967                               -41.746014534666131
14.210350584307179                               -41.915142511368622
14.217028380634391                               -42.080685539275365
14.223706176961603                               -42.242783623310672
14.230383973288815                               -42.401568672688647
14.237061769616028                               -42.557165113218034
14.243739565943239                               -42.709690442794006
14.250417362270451                               -42.859255736286485
14.257095158597664                               -43.005966105258402
14.263772954924875                               -43.149921117276861
14.270450751252087                               -43.291215179007160
14.277128547579300                               -43.429937886777601
14.283806343906511                               -43.566174347875901
14.290484140233723                               -43.700005475460337
14.297161936560936                               -43.831508259644337
14.303839732888147                               -43.960756017027123
14.310517529215359                               -44.087818620695259
14.317195325542572                               -44.212762712500805
14.323873121869783                               -44.335651899229340
14.330550918196995                               -44.456546934104331
14.337228714524208                               -44.575505884922606
14.343906510851420                               -44.692584289986137
14.350584307178631                               -44.807835302877344
14.357262103505844                               -44.921309827022910
14.363939899833056                               -45.033056640897186
14.370617696160267                               -45.143122514637675
14.377295492487480                               -45.251552318767651
14.383973288814692                               -45.358389125660295
14.390651085141902                               -45.463674304317145
14.397328881469116                               -45.567447608982903
14.404006677796328                               -45.669747262071390
14.410684474123538                               -45.770610031835574
14.417362270450752                               -45.870071305175770
14.424040066777964                               -45.968165155947567
14.430717863105174                               -46.064924409098495
14.437395659432388                               -46.160380700935725
14.444073455759600                               -46.254564535801428
14.450751252086810                               -46.347505339409814
14.457429048414024                               -46.439231509079065
14.464106844741236                               -46.529770461072069
14.470784641068446                               -46.619148675244645
14.477462437395660                               -46.707391737181226
14.484140233722872                               -46.794524377987358
14.490818030050082                               -46.880570511892614
14.497495826377296                               -46.965553271807451
14.504173622704508                               -47.049495042965923
14.510851419031718                               -47.132417494776846
14.517529215358932                               -47.214341610996193
14.524207011686144                               -47.295287718326449
14.530884808013356                               -47.375275513539847
14.537562604340568                               -47.454324089215959
14.544240400667780                               -47.532451958178292
14.550918196994992                               -47.609677076707051
14.557595993322204                               -47.686016866602081
14.564273789649416                               -47.761488236162315
14.570951585976628                               -47.836107600146335
14.577629382303840                               -47.909890898771756
14.584307178631052                               -47.982853615808942
14.590984974958264                               -48.055010795820429
14.597662771285476                               -48.126377060593967
14.604340567612688                               -48.196966624813300
14.611018363939900                               -48.266793311010339
14.617696160267112                               -48.335870563836110
14.624373956594324                               -48.404211463688547
14.631051752921536                               -48.471828739731180
14.637729549248748                               -48.538734782335254
14.644407345575960                               -48.604941654975477
14.651085141903172                               -48.670461105607913
14.657762938230384                               -48.735304577557407
14.664440734557596                               -48.799483219938452
14.671118530884808                               -48.863007897635072
14.677796327212020                               -48.925889200859949
14.684474123539232                               -48.988137454315542
14.691151919866444                               -49.049762725975995
14.697829716193658                               -49.110774835508913
14.704507512520868                               -49.171183362354100
14.711185308848080                               -49.230997653476820
14.717863105175294                               -49.290226830810020
14.724540901502504                               -49.348879798401349
14.731218697829716                               -49.406965249278329
14.737896494156930                               -49.464491672045192
14.744574290484140                               -49.521467357223685
14.751252086811352                               -49.577900403349851
14.757929883138566                               -49.633798722837980
14.764607679465776                               -49.689170047621815
14.771285475792988                               -49.744021934584111
14.777963272120202                               -49.798361770782876
14.784641068447412                               -49.852196778484142
14.791318864774624                               -49.905534020009405
14.797996661101838                               -49.958380402406171
14.804674457429048                               -50.010742681948777
14.811352253756260                               -50.062627468477658
14.818030050083474                               -50.114041229582995
14.824707846410684                               -50.164990294640177
14.831385642737896                               -50.215480858702996
14.838063439065110                               -50.265518986260517
14.844741235392320                               -50.315110614863414
14.851419031719532                               -50.364261558625145
14.858096828046746                               -50.412977511603188
14.864774624373956                               -50.461264051065015
14.871452420701168                               -50.509126640643757
14.878130217028382                               -50.556570633387764
14.884808013355594                               -50.603601274708637
14.891485809682804                               -50.650223705231198
14.898163606010018                               -50.696442963550076
14.904841402337230                               -50.742263988895587
14.911519198664440                               -50.787691623713584
14.918196994991654                               -50.832730616161477
14.924874791318866                               -50.877385622524500
14.931552587646076                               -50.921661209554799
14.938230383973290                               -50.965561856736599
14.944908180300501                               -51.009091958479829
14.951585976627712                               -51.052255826245315
14.958263772954925                               -51.095057690603980
14.964941569282137                               -51.137501703232111
14.971619365609348                               -51.179591938845689
14.978297161936561                               -51.221332397075543
14.984974958263773                               -51.262727004285622
14.991652754590984                               -51.303779615336538
14.998330550918197                               -51.344494015296149
15.005008347245409                               -51.384873921099164
15.011686143572620                               -51.424922983157813
15.018363939899833                               -51.464644786924801
15.025041736227045                               -51.504042854410734
15.031719532554256                               -51.543120645657339
15.038397328881469                               -51.581881560167950
15.045075125208681                               -51.620328938297028
15.051752921535892                               -51.658466062599828
15.058430717863105                               -51.696296159143664
15.065108514190317                               -51.733822398782159
15.071786310517529                               -51.771047898393654
15.078464106844741                               -51.807975722084933
15.085141903171953                               -51.844608882361555
15.091819699499165                               -51.880950341265731
15.098497495826377                               -51.917003011483061
15.105175292153589                               -51.952769757418700
15.111853088480801                               -51.988253396244644
15.118530884808013                               -52.023456698918345
15.125208681135225                               -52.058382391174064
15.131886477462437                               -52.093033154487699
15.138564273789649                               -52.127411627015846
15.145242070116861                               -52.161520404510036
15.151919866444073                               -52.195362041206899
15.158597662771285                               -52.228939050694905
15.165275459098497                               -52.262253906758652
15.171953255425709                               -52.295309044201083
15.178631051752921                               -52.328106859644656
15.185308848080133                               -52.360649712311790
15.191986644407345                               -52.392939924785473
15.198664440734557                               -52.424979783750565
15.205342237061769                               -52.456771540716140
15.212020033388981                               -52.488317412719994
15.218697829716195                               -52.519619583015221
15.225375626043405                               -52.550680201739809
15.232053422370617                               -52.581501386569656
15.238731218697831                               -52.612085223355443
15.245409015025041                               -52.642433766743778
15.252086811352253                               -52.672549040783430
15.258764607679467                               -52.702433039516528
15.265442404006677                               -52.732087727555601
15.272120200333889                               -52.761515040646749
15.278797996661103                               -52.790716886219201
15.285475792988313                               -52.819695143921976
15.292153589315525                               -52.848451666147454
15.298831385642739                               -52.876988278543053
15.305509181969949                               -52.905306780510287
15.312186978297161                               -52.933408945692804
15.318864774624375                               -52.961296522452429
15.325542570951585                               -52.988971234334599
15.332220367278797                               -53.016434780522829
15.338898163606011                               -53.043688836282854
15.345575959933221                               -53.070735053396461
15.352253756260433                               -53.097575060585683
15.358931552587647                               -53.124210463927078
15.365609348914857                               -53.150642847256876
15.372287145242069                               -53.176873772566907
15.378964941569283                               -53.202904780391776
15.385642737896493                               -53.228737390187277
15.392320534223705                               -53.254373100700469
15.398998330550919                               -53.279813390331725
15.405676126878131                               -53.305059717488518
15.412353923205341                               -53.330113520931704
15.419031719532555                               -53.354976220114239
15.425709515859767                               -53.379649215512366
15.432387312186977                               -53.404133888949865
15.439065108514191                               -53.428431603915215
15.445742904841403                               -53.452543705871861
15.452420701168613                               -53.476471522562136
15.459098497495827                               -53.500216364304372
15.465776293823039                               -53.523779524284045
15.472454090150249                               -53.547162278838549
15.479131886477463                               -53.570365887736102
15.485809682804675                               -53.593391594448832
15.492487479131885                               -53.616240626420094
15.499165275459099                               -53.638914195326350
15.505843071786311                               -53.661413497333506
15.512520868113521                               -53.683739713348118
15.519198664440735                               -53.705894009263361
15.525876460767947                               -53.727877536199991
15.532554257095157                               -53.749691430742416
15.539232053422371                               -53.771336815170052
15.545909849749583                               -53.792814797683810
15.552587646076793                               -53.814126472628338
15.559265442404007                               -53.835272920709514
15.565943238731219                               -53.856255209207823
15.572621035058429                               -53.877074392187332
15.579298831385643                               -53.897731510700702
15.585976627712855                               -53.918227592989972
15.592654424040067                               -53.938563654683563
15.599332220367279                               -53.958740698989331
15.606010016694491                               -53.978759716883843
15.612687813021703                               -53.998621687298105
15.619365609348915                               -54.018327577299530
15.626043405676127                               -54.037878342270560
15.632721202003339                               -54.057274926083664
15.639398998330551                               -54.076518261273243
15.646076794657763                               -54.095609269203976
15.652754590984975                               -54.114548860236212
15.659432387312187                               -54.133337933888086
15.666110183639399                               -54.151977378994602
15.672787979966611                               -54.170468073863766
15.679465776293823                               -54.188810886429778
15.686143572621035                               -54.207006674403345
15.692821368948247                               -54.225056285419193
15.699499165275459                               -54.242960557180908
15.706176961602671                               -54.260720317603045
15.712854757929883                               -54.278336384950592
15.719532554257095                               -54.295809567975979
15.726210350584306                               -54.313140666053528
15.732888146911518                               -54.330330469311349
15.739565943238732                               -54.347379758761079
15.746243739565942                               -54.364289306425022
15.752921535893154                               -54.381059875461197
15.759599332220368                               -54.397692220285975
15.766277128547578                               -54.414187086694639
15.772954924874790                               -54.430545211979727
15.779632721202004                               -54.446767325047333
15.786310517529214                               -54.462854146531193
15.792988313856426                               -54.478806388904992
15.799666110183640                               -54.494624756592465
15.806343906510850                               -54.510309946075701
15.813021702838062                               -54.525862646001443
15.819699499165276                               -54.541283537285722
15.826377295492486                               -54.556573293216388
15.833055091819698                               -54.571732579554116
15.839732888146912                               -54.586762054631549
15.846410684474122                               -54.601662369450693
15.853088480801334                               -54.616434167778756
15.859766277128548                               -54.631078086242255
15.866444073455758                               -54.645594754419491
15.873121869782970                               -54.659984794931574
15.879799666110184                               -54.674248823531748
15.886477462437394                               -54.688387449193314
15.893155258764606                               -54.702401274196021
15.899833055091820                               -54.716290894211028
15.906510851419030                               -54.730056898384369
15.913188647746242                               -54.743699869419125
15.919866444073456                               -54.757220383656140
15.926544240400668                               -54.770619011153428
15.933222036727878                               -54.783896315764281
15.939899833055092                               -54.797052855214041
15.946577629382304                               -54.810089181175570
15.953255425709514                               -54.823005839343622
15.959933222036728                               -54.835803369507865
15.966611018363940                               -54.848482305624685
15.973288814691150                               -54.861043175887936
15.979966611018364                               -54.873486502798492
15.986644407345576                               -54.885812803232554
15.993322203672786                               -54.898022588509065
16.000000000000000                               -54.910116364455803
