============================================================================================
ANSOFT                                                                              06/17/25
S Parameter Plot2                                                                   16:04:27

--------------------------------------------------------------------------------------------
       Freq [GHz]   mag(S(LumpPort_CAP2_south_end,LumpPort_CAP1_south_end)) []
                                                                              
2.800000000000000                                            0.000127218797777
2.800801603206413                                            0.000127915156753
2.801603206412826                                            0.000128618482745
2.802404809619238                                            0.000129328880183
2.803206412825651                                            0.000130046455591
2.804008016032064                                            0.000130771317646
2.804809619238477                                            0.000131503577226
2.805611222444889                                            0.000132243347472
2.806412825651303                                            0.000132990743842
2.807214428857716                                            0.000133745884170
2.808016032064129                                            0.000134508888732
2.808817635270541                                            0.000135279880306
2.809619238476954                                            0.000136058984238
2.810420841683367                                            0.000136846328509
2.811222444889780                                            0.000137642043807
2.812024048096192                                            0.000138446263595
2.812825651302605                                            0.000139259124191
2.813627254509018                                            0.000140080764836
2.814428857715431                                            0.000140911327783
2.815230460921843                                            0.000141750958369
2.816032064128256                                            0.000142599805109
2.816833667334669                                            0.000143458019772
2.817635270541083                                            0.000144325757482
2.818436873747495                                            0.000145203176804
2.819238476953908                                            0.000146090439840
2.820040080160321                                            0.000146987712332
2.820841683366734                                            0.000147895163764
2.821643286573146                                            0.000148812967465
2.822444889779559                                            0.000149741300720
2.823246492985972                                            0.000150680344887
2.824048096192385                                            0.000151630285508
2.824849699398797                                            0.000152591312438
2.825651302605210                                            0.000153563619965
2.826452905811623                                            0.000154547406943
2.827254509018036                                            0.000155542876925
2.828056112224449                                            0.000156550238306
2.828857715430862                                            0.000157569704465
2.829659318637275                                            0.000158601493914
2.830460921843688                                            0.000159645830457
2.831262525050100                                            0.000160702943348
2.832064128256513                                            0.000161773067460
2.832865731462926                                            0.000162856443456
2.833667334669339                                            0.000163953317970
2.834468937875751                                            0.000165063943794
2.835270541082164                                            0.000166188580068
2.836072144288577                                            0.000167327492486
2.836873747494990                                            0.000168480953501
2.837675350701403                                            0.000169649242539
2.838476953907815                                            0.000170832646229
2.839278557114228                                            0.000172031458633
2.840080160320642                                            0.000173245981489
2.840881763527054                                            0.000174476524466
2.841683366733467                                            0.000175723405420
2.842484969939880                                            0.000176986950673
2.843286573146293                                            0.000178267495292
2.844088176352705                                            0.000179565383387
2.844889779559118                                            0.000180880968417
2.845691382765531                                            0.000182214613510
2.846492985971944                                            0.000183566691794
2.847294589178357                                            0.000184937586747
2.848096192384769                                            0.000186327692554
2.848897795591182                                            0.000187737414489
2.849699398797595                                            0.000189167169303
2.850501002004008                                            0.000190617385634
2.851302605210420                                            0.000192088504435
2.852104208416834                                            0.000193580979420
2.852905811623247                                            0.000195095277526
2.853707414829660                                            0.000196631879404
2.854509018036072                                            0.000198191279917
2.855310621242485                                            0.000199773988680
2.856112224448898                                            0.000201380530605
2.856913827655311                                            0.000203011446484
2.857715430861723                                            0.000204667293592
2.858517034068136                                            0.000206348646323
2.859318637274549                                            0.000208056096847
2.860120240480962                                            0.000209790255808
2.860921843687374                                            0.000211551753048
2.861723446893787                                            0.000213341238366
2.862525050100200                                            0.000215159382319
2.863326653306614                                            0.000217006877054
2.864128256513026                                            0.000218884437183
2.864929859719439                                            0.000220792800706
2.865731462925852                                            0.000222732729973
2.866533066132265                                            0.000224705012696
2.867334669338677                                            0.000226710463016
2.868136272545090                                            0.000228749922615
2.868937875751503                                            0.000230824261896
2.869739478957916                                            0.000232934381218
2.870541082164328                                            0.000235081212191
2.871342685370741                                            0.000237265719050
2.872144288577154                                            0.000239488900092
2.872945891783567                                            0.000241751789193
2.873747494989980                                            0.000244055457410
2.874549098196393                                            0.000246401014668
2.875350701402806                                            0.000248789611533
2.876152304609219                                            0.000251222441099
2.876953907815631                                            0.000253700740963
2.877755511022044                                            0.000256225795322
2.878557114228457                                            0.000258798937190
2.879358717434870                                            0.000261421550736
2.880160320641282                                            0.000264095073764
2.880961923847695                                            0.000266821000336
2.881763527054108                                            0.000269600883549
2.882565130260521                                            0.000272436338482
2.883366733466934                                            0.000275329045319
2.884168336673346                                            0.000278280752660
2.884969939879759                                            0.000281293281045
2.885771543086172                                            0.000284368526684
2.886573146292585                                            0.000287508465439
2.887374749498998                                            0.000290715157042
2.888176352705411                                            0.000293990749599
2.888977955911824                                            0.000297337484379
2.889779559118236                                            0.000300757700918
2.890581162324649                                            0.000304253842467
2.891382765531062                                            0.000307828461804
2.892184368737475                                            0.000311484227437
2.892985971943888                                            0.000315223930242
2.893787575150300                                            0.000319050490556
2.894589178356713                                            0.000322966965771
2.895390781563126                                            0.000326976558475
2.896192384769539                                            0.000331082625165
2.896993987975952                                            0.000335288685616
2.897795591182365                                            0.000339598432924
2.898597194388778                                            0.000344015744310
2.899398797595190                                            0.000348544692739
2.900200400801603                                            0.000353189559431
2.901002004008016                                            0.000357954847345
2.901803607214429                                            0.000362845295721
2.902605210420842                                            0.000367865895786
2.903406813627254                                            0.000373021907722
2.904208416833667                                            0.000378318879039
2.905010020040080                                            0.000383762664455
2.905811623246493                                            0.000389359447466
2.906613226452906                                            0.000395115763754
2.907414829659318                                            0.000401038526617
2.908216432865731                                            0.000407135054646
2.909018036072144                                            0.000413413101868
2.909819639278557                                            0.000419880890613
2.910621242484970                                            0.000426547147417
2.911422845691383                                            0.000433421142266
2.912224448897796                                            0.000440512731574
2.913026052104208                                            0.000447832405298
2.913827655310621                                            0.000455391338673
2.914629258517034                                            0.000463201449102
2.915430861723447                                            0.000471275458804
2.916232464929859                                            0.000479626963920
2.917034068136272                                            0.000488270510869
2.917835671342685                                            0.000497221680840
2.918637274549098                                            0.000506497183475
2.919438877755511                                            0.000516114960908
2.920240480961924                                            0.000526094303538
2.921042084168337                                            0.000536455979094
2.921843687374750                                            0.000547222376822
2.922645290581162                                            0.000558417668894
2.923446893787575                                            0.000570067991486
2.924248496993988                                            0.000582201648387
2.925050100200401                                            0.000594849340466
2.925851703406813                                            0.000608044424933
2.926653306613226                                            0.000621823208978
2.927454909819639                                            0.000636225283253
2.928256513026052                                            0.000651293901636
2.929058116232465                                            0.000667076414948
2.929859719438878                                            0.000683624767789
2.930661322645290                                            0.000700996069472
2.931462925851704                                            0.000719253252277
2.932264529058116                                            0.000738465833012
2.933066132264529                                            0.000758710797311
2.933867735470942                                            0.000780073630370
2.934669338677355                                            0.000802649523230
2.935470941883767                                            0.000826544790502
2.936272545090180                                            0.000851878544068
2.937074148296593                                            0.000878784678361
2.937875751503006                                            0.000907414237056
2.938677354709419                                            0.000937938249490
2.939478957915831                                            0.000970551149306
2.940280561122244                                            0.001005474919680
2.941082164328657                                            0.001042964151914
2.941883767535070                                            0.001083312261140
2.942685370741483                                            0.001126859180175
2.943486973947896                                            0.001174000958537
2.944288577154309                                            0.001225201840718
2.945090180360721                                            0.001281009604374
2.945891783567134                                            0.001342075233298
2.946693386773547                                            0.001409178425033
2.947494989979960                                            0.001483261056996
2.948296593186373                                            0.001565471666939
2.949098196392785                                            0.001657225422399
2.949899799599198                                            0.001760286259317
2.950701402805611                                            0.001876881378882
2.951503006012024                                            0.002009864019564
2.952304609218437                                            0.002162950045776
2.953106212424850                                            0.002341070601089
2.953907815631262                                            0.002550913168937
2.954709418837675                                            0.002801779953396
2.955511022044088                                            0.003107004218603
2.956312625250501                                            0.003486399120052
2.957114228456914                                            0.003970738582049
2.957915831663327                                            0.004610553161471
2.958717434869739                                            0.005495015384344
2.959519038076152                                            0.006797607862992
2.960320641282565                                            0.008906601069974
2.961122244488978                                            0.012906433759271
2.961923847695391                                            0.023404820018170
2.962725450901803                                            0.124148357538038
2.963527054108216                                            0.037438626100973
2.964328657314629                                            0.016300902234909
2.965130260521042                                            0.010421862605100
2.965931863727455                                            0.007661552513713
2.966733466933868                                            0.006058605984119
2.967535070140281                                            0.005011282369212
2.968336673346693                                            0.004273367301822
2.969138276553106                                            0.003725396993305
2.969939879759519                                            0.003302395251975
2.970741482965932                                            0.002965988391294
2.971543086172345                                            0.002692054919521
2.972344689378757                                            0.002464671049349
2.973146292585170                                            0.002272900923839
2.973947895791583                                            0.002108985442908
2.974749498997996                                            0.001967266845048
2.975551102204409                                            0.001843522455402
2.976352705410822                                            0.001734536808410
2.977154308617234                                            0.001637818243402
2.977955911823647                                            0.001551406093715
2.978757515030060                                            0.001473736392497
2.979559118236473                                            0.001403546373500
2.980360721442886                                            0.001339805292509
2.981162324649299                                            0.001281663477791
2.981963927855711                                            0.001228414241287
2.982765531062124                                            0.001179465016084
2.983567134268537                                            0.001134315213963
2.984368737474950                                            0.001092539045811
2.985170340681363                                            0.001053772053897
2.985971943887775                                            0.001017700452863
2.986773547094188                                            0.000984052619017
2.987575150300601                                            0.000952592239169
2.988376753507014                                            0.000923112753384
2.989178356713427                                            0.000895432815234
2.989979959919840                                            0.000869392558648
2.990781563126252                                            0.000844850508966
2.991583166332665                                            0.000821681012135
2.992384769539078                                            0.000799772083400
2.993186372745491                                            0.000779023597745
2.993987975951904                                            0.000759345760385
2.994789579158317                                            0.000740657808009
2.995591182364729                                            0.000722886901160
2.996392785571142                                            0.000705967175719
2.997194388777555                                            0.000689838927453
2.997995991983968                                            0.000674447908342
2.998797595190381                                            0.000659744717218
2.999599198396794                                            0.000645684270282
3.000400801603206                                            0.000632225339547
3.001202404809619                                            0.000619330149255
3.002004008016032                                            0.000606964021944
3.002805611222445                                            0.000595095067190
3.003607214428858                                            0.000583693907120
3.004408817635271                                            0.000572733433756
3.005210420841683                                            0.000562188593929
3.006012024048096                                            0.000552036198213
3.006813627254509                                            0.000542254750776
3.007615230460922                                            0.000532824297543
3.008416833667335                                            0.000523726290407
3.009218436873748                                            0.000514943465540
3.010020040080160                                            0.000506459734130
3.010821643286573                                            0.000498260084085
3.011623246492986                                            0.000490330491445
3.012424849699399                                            0.000482657840395
3.013226452905812                                            0.000475229850925
3.014028056112225                                            0.000468035013297
3.014829659318637                                            0.000461062528585
3.015631262525050                                            0.000454302254635
3.016432865731463                                            0.000447744656883
3.017234468937876                                            0.000441380763529
3.018036072144289                                            0.000435202124619
3.018837675350701                                            0.000429200774647
3.019639278557114                                            0.000423369198329
3.020440881763527                                            0.000417700299237
3.021242484969940                                            0.000412187371019
3.022044088176353                                            0.000406824070961
3.022845691382766                                            0.000401604395669
3.023647294589178                                            0.000396522658677
3.024448897795591                                            0.000391573469808
3.025250501002004                                            0.000386751716122
3.026052104208417                                            0.000382052544319
3.026853707414830                                            0.000377471344465
3.027655310621243                                            0.000373003734928
3.028456913827655                                            0.000368645548413
3.029258517034068                                            0.000364392819021
3.030060120240481                                            0.000360241770224
3.030861723446894                                            0.000356188803693
3.031663326653307                                            0.000352230488917
3.032464929859719                                            0.000348363553527
3.033266533066132                                            0.000344584874286
3.034068136272545                                            0.000340891468696
3.034869739478958                                            0.000337280487152
3.035671342685371                                            0.000333749205625
3.036472945891784                                            0.000330295018819
3.037274549098197                                            0.000326915433772
3.038076152304609                                            0.000323608063868
3.038877755511022                                            0.000320370623223
3.039679358717435                                            0.000317200921427
3.040480961923848                                            0.000314096858613
3.041282565130261                                            0.000311056420824
3.042084168336673                                            0.000308077675664
3.042885771543086                                            0.000305158768213
3.043687374749499                                            0.000302297917181
3.044488977955912                                            0.000299493411290
3.045290581162325                                            0.000296743605869
3.046092184368737                                            0.000294046919644
3.046893787575150                                            0.000291401831713
3.047695390781563                                            0.000288806878692
3.048496993987976                                            0.000286260652019
3.049298597194389                                            0.000283761795415
3.050100200400802                                            0.000281309002477
3.050901803607215                                            0.000278901014409
3.051703406813627                                            0.000276536617869
3.052505010020040                                            0.000274214642940
3.053306613226453                                            0.000271933961203
3.054108216432866                                            0.000269693483910
3.054909819639279                                            0.000267492160263
3.055711422845691                                            0.000265328975767
3.056513026052104                                            0.000263202950681
3.057314629258517                                            0.000261113138540
3.058116232464930                                            0.000259058624756
3.058917835671343                                            0.000257038525284
3.059719438877756                                            0.000255051985362
3.060521042084169                                            0.000253098178304
3.061322645290581                                            0.000251176304359
3.062124248496994                                            0.000249285589623
3.062925851703407                                            0.000247425285004
3.063727454909820                                            0.000245594665233
3.064529058116233                                            0.000243793027925
3.065330661322645                                            0.000242019692686
3.066132264529058                                            0.000240274000257
3.066933867735471                                            0.000238555311699
3.067735470941884                                            0.000236863007618
3.068537074148296                                            0.000235196487422
3.069338677354710                                            0.000233555168614
3.070140280561122                                            0.000231938486114
3.070941883767535                                            0.000230345891615
3.071743486973948                                            0.000228776852965
3.072545090180361                                            0.000227230853572
3.073346693386774                                            0.000225707391847
3.074148296593187                                            0.000224205980656
3.074949899799599                                            0.000222726146809
3.075751503006012                                            0.000221267430560
3.076553106212425                                            0.000219829385135
3.077354709418838                                            0.000218411576279
3.078156312625250                                            0.000217013581817
3.078957915831663                                            0.000215634991240
3.079759519038076                                            0.000214275405303
3.080561122244489                                            0.000212934435643
3.081362725450902                                            0.000211611704410
3.082164328657315                                            0.000210306843912
3.082965931863728                                            0.000209019496278
3.083767535070141                                            0.000207749313133
3.084569138276553                                            0.000206495955280
3.085370741482966                                            0.000205259092409
3.086172344689379                                            0.000204038402797
3.086973947895792                                            0.000202833573040
3.087775551102204                                            0.000201644297779
3.088577154308617                                            0.000200470279449
3.089378757515030                                            0.000199311228028
3.090180360721443                                            0.000198166860801
3.090981963927856                                            0.000197036902131
3.091783567134269                                            0.000195921083240
3.092585170340682                                            0.000194819141994
3.093386773547094                                            0.000193730822705
3.094188376753507                                            0.000192655875925
3.094989979959920                                            0.000191594058265
3.095791583166333                                            0.000190545132210
3.096593186372746                                            0.000189508865938
3.097394789579158                                            0.000188485033159
3.098196392785571                                            0.000187473412942
3.098997995991984                                            0.000186473789566
3.099799599198397                                            0.000185485952358
3.100601202404810                                            0.000184509695555
3.101402805611222                                            0.000183544818157
3.102204408817635                                            0.000182591123790
3.103006012024048                                            0.000181648420576
3.103807615230461                                            0.000180716521002
3.104609218436874                                            0.000179795241800
3.105410821643287                                            0.000178884403824
3.106212424849700                                            0.000177983831938
3.107014028056112                                            0.000177093354903
3.107815631262525                                            0.000176212805268
3.108617234468938                                            0.000175342019268
3.109418837675351                                            0.000174480836722
3.110220440881764                                            0.000173629100936
3.111022044088176                                            0.000172786658607
3.111823647294589                                            0.000171953359734
3.112625250501002                                            0.000171129057530
3.113426853707415                                            0.000170313608333
3.114228456913828                                            0.000169506871525
3.115030060120240                                            0.000168708709454
3.115831663326654                                            0.000167918987353
3.116633266533066                                            0.000167137573267
3.117434869739479                                            0.000166364337979
3.118236472945892                                            0.000165599154938
3.119038076152305                                            0.000164841900195
3.119839679358718                                            0.000164092452330
3.120641282565130                                            0.000163350692396
3.121442885771543                                            0.000162616503847
3.122244488977956                                            0.000161889772486
3.123046092184369                                            0.000161170386401
3.123847695390781                                            0.000160458235910
3.124649298597194                                            0.000159753213506
3.125450901803607                                            0.000159055213803
3.126252505010020                                            0.000158364133482
3.127054108216433                                            0.000157679871246
3.127855711422846                                            0.000157002327763
3.128657314629259                                            0.000156331405625
3.129458917835672                                            0.000155667009300
3.130260521042084                                            0.000155009045085
3.131062124248497                                            0.000154357421065
3.131863727454910                                            0.000153712047068
3.132665330661323                                            0.000153072834627
3.133466933867735                                            0.000152439696937
3.134268537074148                                            0.000151812548818
3.135070140280561                                            0.000151191306678
3.135871743486974                                            0.000150575888471
3.136673346693386                                            0.000149966213668
3.137474949899799                                            0.000149362203219
3.138276553106213                                            0.000148763779518
3.139078156312626                                            0.000148170866374
3.139879759519038                                            0.000147583388974
3.140681362725451                                            0.000147001273856
3.141482965931864                                            0.000146424448877
3.142284569138277                                            0.000145852843184
3.143086172344689                                            0.000145286387183
3.143887775551102                                            0.000144725012515
3.144689378757515                                            0.000144168652028
3.145490981963928                                            0.000143617239746
3.146292585170340                                            0.000143070710850
3.147094188376753                                            0.000142529001647
3.147895791583166                                            0.000141992049550
3.148697394789580                                            0.000141459793051
3.149498997995992                                            0.000140932171700
3.150300601202405                                            0.000140409126080
3.151102204408818                                            0.000139890597788
3.151903807615231                                            0.000139376529411
3.152705410821643                                            0.000138866864507
3.153507014028056                                            0.000138361547583
3.154308617234469                                            0.000137860524076
3.155110220440882                                            0.000137363740332
3.155911823647295                                            0.000136871143590
3.156713426853707                                            0.000136382681962
3.157515030060120                                            0.000135898304414
3.158316633266533                                            0.000135417960751
3.159118236472946                                            0.000134941601597
3.159919839679358                                            0.000134469178380
3.160721442885772                                            0.000134000643316
3.161523046092185                                            0.000133535949392
3.162324649298597                                            0.000133075050352
3.163126252505010                                            0.000132617900678
3.163927855711423                                            0.000132164455582
3.164729458917836                                            0.000131714670986
3.165531062124249                                            0.000131268503508
3.166332665330661                                            0.000130825910452
3.167134268537074                                            0.000130386849792
3.167935871743487                                            0.000129951280159
3.168737474949900                                            0.000129519160830
3.169539078156312                                            0.000129090451710
3.170340681362725                                            0.000128665113329
3.171142284569139                                            0.000128243106821
3.171943887775551                                            0.000127824393919
3.172745490981964                                            0.000127408936938
3.173547094188377                                            0.000126996698769
3.174348697394790                                            0.000126587642866
3.175150300601203                                            0.000126181733233
3.175951903807615                                            0.000125778934419
3.176753507014028                                            0.000125379211500
3.177555110220441                                            0.000124982530079
3.178356713426854                                            0.000124588856268
3.179158316633266                                            0.000124198156682
3.179959919839679                                            0.000123810398430
3.180761523046092                                            0.000123425549104
3.181563126252505                                            0.000123043576772
3.182364729458917                                            0.000122664449970
3.183166332665331                                            0.000122288137689
3.183967935871744                                            0.000121914609372
3.184769539078157                                            0.000121543834905
3.185571142284569                                            0.000121175784604
3.186372745490982                                            0.000120810429215
3.187174348697395                                            0.000120447739898
3.187975951903808                                            0.000120087688229
3.188777555110220                                            0.000119730246184
3.189579158316633                                            0.000119375386137
3.190380761523046                                            0.000119023080850
3.191182364729459                                            0.000118673303469
3.191983967935871                                            0.000118326027517
3.192785571142284                                            0.000117981226883
3.193587174348697                                            0.000117638875823
3.194388777555110                                            0.000117298948947
3.195190380761523                                            0.000116961421217
3.195991983967936                                            0.000116626267938
3.196793587174349                                            0.000116293464755
3.197595190380762                                            0.000115962987645
3.198396793587174                                            0.000115634812913
3.199198396793587                                            0.000115308917186
3.200000000000000                                            0.000114985277405
